1 -61.0000 -1.0000
-60.0000 -1.0000
-60.0000 -2.0000
-61.0000 -2.0000
-61.0000 -1.0000
END
2 -60.0000 -1.0000
-59.0000 -1.0000
-59.0000 -2.0000
-60.0000 -2.0000
-60.0000 -1.0000
END
3 -61.0000 -2.0000
-60.0000 -2.0000
-60.0000 -3.0000
-61.0000 -3.0000
-61.0000 -2.0000
END
4 -60.0000 -2.0000
-59.0000 -2.0000
-59.0000 -3.0000
-60.0000 -3.0000
-60.0000 -2.0000
END
5 -61.0000 -3.0000
-60.0000 -3.0000
-60.0000 -4.0000
-61.0000 -4.0000
-61.0000 -3.0000
END
6 -60.0000 -3.0000
-59.0000 -3.0000
-59.0000 -4.0000
-60.0000 -4.0000
-60.0000 -3.0000
END
7 -61.0000 -4.0000
-60.0000 -4.0000
-60.0000 -5.0000
-61.0000 -5.0000
-61.0000 -4.0000
END
