1 -46.0000 -21.0000
-45.0000 -21.0000
-45.0000 -22.0000
-46.0000 -22.0000
-46.0000 -21.0000
END
2 -45.0000 -21.0000
-44.0000 -21.0000
-44.0000 -22.0000
-45.0000 -22.0000
-45.0000 -21.0000
END
3 -44.0000 -21.0000
-43.0000 -21.0000
-43.0000 -22.0000
-44.0000 -22.0000
-44.0000 -21.0000
END
4 -46.0000 -22.0000
-45.0000 -22.0000
-45.0000 -23.0000
-46.0000 -23.0000
-46.0000 -22.0000
END
5 -45.0000 -22.0000
-44.0000 -22.0000
-44.0000 -23.0000
-45.0000 -23.0000
-45.0000 -22.0000
END
6 -44.0000 -22.0000
-43.0000 -22.0000
-43.0000 -23.0000
-44.0000 -23.0000
-44.0000 -22.0000
END
7 -46.0000 -23.0000
-45.0000 -23.0000
-45.0000 -24.0000
-46.0000 -24.0000
-46.0000 -23.0000
END
8 -45.0000 -23.0000
-44.0000 -23.0000
-44.0000 -24.0000
-45.0000 -24.0000
-45.0000 -23.0000
END
9 -44.0000 -23.0000
-43.0000 -23.0000
-43.0000 -24.0000
-44.0000 -24.0000
-44.0000 -23.0000
END
