1 -44.0000 -13.0000
-43.0000 -13.0000
-43.0000 -14.0000
-44.0000 -14.0000
-44.0000 -13.0000
END
2 -43.0000 -13.0000
-42.0000 -13.0000
-42.0000 -14.0000
-43.0000 -14.0000
-43.0000 -13.0000
END
3 -42.0000 -13.0000
-41.0000 -13.0000
-41.0000 -14.0000
-42.0000 -14.0000
-42.0000 -13.0000
END
4 -44.0000 -14.0000
-43.0000 -14.0000
-43.0000 -15.0000
-44.0000 -15.0000
-44.0000 -14.0000
END
5 -43.0000 -14.0000
-42.0000 -14.0000
-42.0000 -15.0000
-43.0000 -15.0000
-43.0000 -14.0000
END
6 -42.0000 -14.0000
-41.0000 -14.0000
-41.0000 -15.0000
-42.0000 -15.0000
-42.0000 -14.0000
END
7 -43.0000 -15.0000
-42.0000 -15.0000
-42.0000 -16.0000
-43.0000 -16.0000
-43.0000 -15.0000
END
