1 -41.0000 -17.0000
-40.0000 -17.0000
-40.0000 -18.0000
-41.0000 -18.0000
-41.0000 -17.0000
END
2 -40.0000 -17.0000
-39.0000 -17.0000
-39.0000 -18.0000
-40.0000 -18.0000
-40.0000 -17.0000
END
3 -42.0000 -18.0000
-41.0000 -18.0000
-41.0000 -19.0000
-42.0000 -19.0000
-42.0000 -18.0000
END
4 -41.0000 -18.0000
-40.0000 -18.0000
-40.0000 -19.0000
-41.0000 -19.0000
-41.0000 -18.0000
END
5 -40.0000 -18.0000
-39.0000 -18.0000
-39.0000 -19.0000
-40.0000 -19.0000
-40.0000 -18.0000
END
6 -42.0000 -19.0000
-41.0000 -19.0000
-41.0000 -20.0000
-42.0000 -20.0000
-42.0000 -19.0000
END
7 -41.0000 -19.0000
-40.0000 -19.0000
-40.0000 -20.0000
-41.0000 -20.0000
-41.0000 -19.0000
END
8 -40.0000 -19.0000
-39.0000 -19.0000
-39.0000 -20.0000
-40.0000 -20.0000
-40.0000 -19.0000
END
9 -41.0000 -20.0000
-40.0000 -20.0000
-40.0000 -21.0000
-41.0000 -21.0000
-41.0000 -20.0000
END
10 -40.0000 -20.0000
-39.0000 -20.0000
-39.0000 -21.0000
-40.0000 -21.0000
-40.0000 -20.0000
END
