1 -45.0000 -21.0000
-44.0000 -21.0000
-44.0000 -22.0000
-45.0000 -22.0000
-45.0000 -21.0000
END
2 -44.0000 -21.0000
-43.0000 -21.0000
-43.0000 -22.0000
-44.0000 -22.0000
-44.0000 -21.0000
END
3 -43.0000 -21.0000
-42.0000 -21.0000
-42.0000 -22.0000
-43.0000 -22.0000
-43.0000 -21.0000
END
4 -42.0000 -21.0000
-41.0000 -21.0000
-41.0000 -22.0000
-42.0000 -22.0000
-42.0000 -21.0000
END
5 -45.0000 -22.0000
-44.0000 -22.0000
-44.0000 -23.0000
-45.0000 -23.0000
-45.0000 -22.0000
END
6 -44.0000 -22.0000
-43.0000 -22.0000
-43.0000 -23.0000
-44.0000 -23.0000
-44.0000 -22.0000
END
7 -43.0000 -22.0000
-42.0000 -22.0000
-42.0000 -23.0000
-43.0000 -23.0000
-43.0000 -22.0000
END
8 -42.0000 -22.0000
-41.0000 -22.0000
-41.0000 -23.0000
-42.0000 -23.0000
-42.0000 -22.0000
END
9 -45.0000 -23.0000
-44.0000 -23.0000
-44.0000 -24.0000
-45.0000 -24.0000
-45.0000 -23.0000
END
10 -44.0000 -23.0000
-43.0000 -23.0000
-43.0000 -24.0000
-44.0000 -24.0000
-44.0000 -23.0000
END
11 -43.0000 -23.0000
-42.0000 -23.0000
-42.0000 -24.0000
-43.0000 -24.0000
-43.0000 -23.0000
END
