1 -43.0000 -16.0000
-42.0000 -16.0000
-42.0000 -17.0000
-43.0000 -17.0000
-43.0000 -16.0000
END
2 -42.0000 -16.0000
-41.0000 -16.0000
-41.0000 -17.0000
-42.0000 -17.0000
-42.0000 -16.0000
END
3 -41.0000 -16.0000
-40.0000 -16.0000
-40.0000 -17.0000
-41.0000 -17.0000
-41.0000 -16.0000
END
4 -43.0000 -17.0000
-42.0000 -17.0000
-42.0000 -18.0000
-43.0000 -18.0000
-43.0000 -17.0000
END
5 -42.0000 -17.0000
-41.0000 -17.0000
-41.0000 -18.0000
-42.0000 -18.0000
-42.0000 -17.0000
END
6 -41.0000 -17.0000
-40.0000 -17.0000
-40.0000 -18.0000
-41.0000 -18.0000
-41.0000 -17.0000
END
7 -44.0000 -18.0000
-43.0000 -18.0000
-43.0000 -19.0000
-44.0000 -19.0000
-44.0000 -18.0000
END
8 -43.0000 -18.0000
-42.0000 -18.0000
-42.0000 -19.0000
-43.0000 -19.0000
-43.0000 -18.0000
END
9 -42.0000 -18.0000
-41.0000 -18.0000
-41.0000 -19.0000
-42.0000 -19.0000
-42.0000 -18.0000
END
10 -41.0000 -18.0000
-40.0000 -18.0000
-40.0000 -19.0000
-41.0000 -19.0000
-41.0000 -18.0000
END
11 -45.0000 -19.0000
-44.0000 -19.0000
-44.0000 -20.0000
-45.0000 -20.0000
-45.0000 -19.0000
END
12 -44.0000 -19.0000
-43.0000 -19.0000
-43.0000 -20.0000
-44.0000 -20.0000
-44.0000 -19.0000
END
13 -43.0000 -19.0000
-42.0000 -19.0000
-42.0000 -20.0000
-43.0000 -20.0000
-43.0000 -19.0000
END
14 -42.0000 -19.0000
-41.0000 -19.0000
-41.0000 -20.0000
-42.0000 -20.0000
-42.0000 -19.0000
END
15 -41.0000 -19.0000
-40.0000 -19.0000
-40.0000 -20.0000
-41.0000 -20.0000
-41.0000 -19.0000
END
16 -45.0000 -20.0000
-44.0000 -20.0000
-44.0000 -21.0000
-45.0000 -21.0000
-45.0000 -20.0000
END
17 -44.0000 -20.0000
-43.0000 -20.0000
-43.0000 -21.0000
-44.0000 -21.0000
-44.0000 -20.0000
END
18 -43.0000 -20.0000
-42.0000 -20.0000
-42.0000 -21.0000
-43.0000 -21.0000
-43.0000 -20.0000
END
19 -42.0000 -20.0000
-41.0000 -20.0000
-41.0000 -21.0000
-42.0000 -21.0000
-42.0000 -20.0000
END
20 -41.0000 -20.0000
-40.0000 -20.0000
-40.0000 -21.0000
-41.0000 -21.0000
-41.0000 -20.0000
END
21 -44.0000 -21.0000
-43.0000 -21.0000
-43.0000 -22.0000
-44.0000 -22.0000
-44.0000 -21.0000
END
22 -43.0000 -21.0000
-42.0000 -21.0000
-42.0000 -22.0000
-43.0000 -22.0000
-43.0000 -21.0000
END
23 -42.0000 -21.0000
-41.0000 -21.0000
-41.0000 -22.0000
-42.0000 -22.0000
-42.0000 -21.0000
END
