1 -68.0000 7.0000
-67.0000 7.0000
-67.0000 6.0000
-68.0000 6.0000
-68.0000 7.0000
END
2 -67.0000 7.0000
-66.0000 7.0000
-66.0000 6.0000
-67.0000 6.0000
-67.0000 7.0000
END
3 -69.0000 6.0000
-68.0000 6.0000
-68.0000 5.0000
-69.0000 5.0000
-69.0000 6.0000
END
4 -68.0000 6.0000
-67.0000 6.0000
-67.0000 5.0000
-68.0000 5.0000
-68.0000 6.0000
END
5 -67.0000 6.0000
-66.0000 6.0000
-66.0000 5.0000
-67.0000 5.0000
-67.0000 6.0000
END
6 -66.0000 6.0000
-65.0000 6.0000
-65.0000 5.0000
-66.0000 5.0000
-66.0000 6.0000
END
7 -69.0000 5.0000
-68.0000 5.0000
-68.0000 4.0000
-69.0000 4.0000
-69.0000 5.0000
END
8 -68.0000 5.0000
-67.0000 5.0000
-67.0000 4.0000
-68.0000 4.0000
-68.0000 5.0000
END
9 -67.0000 5.0000
-66.0000 5.0000
-66.0000 4.0000
-67.0000 4.0000
-67.0000 5.0000
END
10 -66.0000 5.0000
-65.0000 5.0000
-65.0000 4.0000
-66.0000 4.0000
-66.0000 5.0000
END
11 -68.0000 4.0000
-67.0000 4.0000
-67.0000 3.0000
-68.0000 3.0000
-68.0000 4.0000
END
12 -67.0000 4.0000
-66.0000 4.0000
-66.0000 3.0000
-67.0000 3.0000
-67.0000 4.0000
END
13 -66.0000 4.0000
-65.0000 4.0000
-65.0000 3.0000
-66.0000 3.0000
-66.0000 4.0000
END
14 -65.0000 4.0000
-64.0000 4.0000
-64.0000 3.0000
-65.0000 3.0000
-65.0000 4.0000
END
15 -68.0000 3.0000
-67.0000 3.0000
-67.0000 2.0000
-68.0000 2.0000
-68.0000 3.0000
END
16 -67.0000 3.0000
-66.0000 3.0000
-66.0000 2.0000
-67.0000 2.0000
-67.0000 3.0000
END
17 -66.0000 3.0000
-65.0000 3.0000
-65.0000 2.0000
-66.0000 2.0000
-66.0000 3.0000
END
18 -68.0000 2.0000
-67.0000 2.0000
-67.0000 1.0000
-68.0000 1.0000
-68.0000 2.0000
END
19 -67.0000 2.0000
-66.0000 2.0000
-66.0000 1.0000
-67.0000 1.0000
-67.0000 2.0000
END
20 -66.0000 2.0000
-65.0000 2.0000
-65.0000 1.0000
-66.0000 1.0000
-66.0000 2.0000
END
