1 -55.0000 7.0000
-54.0000 7.0000
-54.0000 6.0000
-55.0000 6.0000
-55.0000 7.0000
END
2 -54.0000 7.0000
-53.0000 7.0000
-53.0000 6.0000
-54.0000 6.0000
-54.0000 7.0000
END
3 -55.0000 6.0000
-54.0000 6.0000
-54.0000 5.0000
-55.0000 5.0000
-55.0000 6.0000
END
4 -54.0000 6.0000
-53.0000 6.0000
-53.0000 5.0000
-54.0000 5.0000
-54.0000 6.0000
END
5 -53.0000 6.0000
-52.0000 6.0000
-52.0000 5.0000
-53.0000 5.0000
-53.0000 6.0000
END
6 -52.0000 6.0000
-51.0000 6.0000
-51.0000 5.0000
-52.0000 5.0000
-52.0000 6.0000
END
7 -55.0000 5.0000
-54.0000 5.0000
-54.0000 4.0000
-55.0000 4.0000
-55.0000 5.0000
END
8 -54.0000 5.0000
-53.0000 5.0000
-53.0000 4.0000
-54.0000 4.0000
-54.0000 5.0000
END
9 -53.0000 5.0000
-52.0000 5.0000
-52.0000 4.0000
-53.0000 4.0000
-53.0000 5.0000
END
10 -52.0000 5.0000
-51.0000 5.0000
-51.0000 4.0000
-52.0000 4.0000
-52.0000 5.0000
END
11 -55.0000 4.0000
-54.0000 4.0000
-54.0000 3.0000
-55.0000 3.0000
-55.0000 4.0000
END
12 -54.0000 4.0000
-53.0000 4.0000
-53.0000 3.0000
-54.0000 3.0000
-54.0000 4.0000
END
13 -53.0000 4.0000
-52.0000 4.0000
-52.0000 3.0000
-53.0000 3.0000
-53.0000 4.0000
END
14 -52.0000 4.0000
-51.0000 4.0000
-51.0000 3.0000
-52.0000 3.0000
-52.0000 4.0000
END
15 -55.0000 3.0000
-54.0000 3.0000
-54.0000 2.0000
-55.0000 2.0000
-55.0000 3.0000
END
16 -54.0000 3.0000
-53.0000 3.0000
-53.0000 2.0000
-54.0000 2.0000
-54.0000 3.0000
END
17 -53.0000 3.0000
-52.0000 3.0000
-52.0000 2.0000
-53.0000 2.0000
-53.0000 3.0000
END
