1 -45.0000 -20.0000
-44.0000 -20.0000
-44.0000 -21.0000
-45.0000 -21.0000
-45.0000 -20.0000
END
2 -44.0000 -20.0000
-43.0000 -20.0000
-43.0000 -21.0000
-44.0000 -21.0000
-44.0000 -20.0000
END
3 -43.0000 -20.0000
-42.0000 -20.0000
-42.0000 -21.0000
-43.0000 -21.0000
-43.0000 -20.0000
END
4 -42.0000 -20.0000
-41.0000 -20.0000
-41.0000 -21.0000
-42.0000 -21.0000
-42.0000 -20.0000
END
5 -41.0000 -20.0000
-40.0000 -20.0000
-40.0000 -21.0000
-41.0000 -21.0000
-41.0000 -20.0000
END
6 -40.0000 -20.0000
-39.0000 -20.0000
-39.0000 -21.0000
-40.0000 -21.0000
-40.0000 -20.0000
END
7 -47.0000 -21.0000
-46.0000 -21.0000
-46.0000 -22.0000
-47.0000 -22.0000
-47.0000 -21.0000
END
8 -46.0000 -21.0000
-45.0000 -21.0000
-45.0000 -22.0000
-46.0000 -22.0000
-46.0000 -21.0000
END
9 -45.0000 -21.0000
-44.0000 -21.0000
-44.0000 -22.0000
-45.0000 -22.0000
-45.0000 -21.0000
END
10 -44.0000 -21.0000
-43.0000 -21.0000
-43.0000 -22.0000
-44.0000 -22.0000
-44.0000 -21.0000
END
11 -43.0000 -21.0000
-42.0000 -21.0000
-42.0000 -22.0000
-43.0000 -22.0000
-43.0000 -21.0000
END
12 -42.0000 -21.0000
-41.0000 -21.0000
-41.0000 -22.0000
-42.0000 -22.0000
-42.0000 -21.0000
END
13 -41.0000 -21.0000
-40.0000 -21.0000
-40.0000 -22.0000
-41.0000 -22.0000
-41.0000 -21.0000
END
14 -47.0000 -22.0000
-46.0000 -22.0000
-46.0000 -23.0000
-47.0000 -23.0000
-47.0000 -22.0000
END
15 -46.0000 -22.0000
-45.0000 -22.0000
-45.0000 -23.0000
-46.0000 -23.0000
-46.0000 -22.0000
END
16 -45.0000 -22.0000
-44.0000 -22.0000
-44.0000 -23.0000
-45.0000 -23.0000
-45.0000 -22.0000
END
17 -44.0000 -22.0000
-43.0000 -22.0000
-43.0000 -23.0000
-44.0000 -23.0000
-44.0000 -22.0000
END
18 -43.0000 -22.0000
-42.0000 -22.0000
-42.0000 -23.0000
-43.0000 -23.0000
-43.0000 -22.0000
END
19 -42.0000 -22.0000
-41.0000 -22.0000
-41.0000 -23.0000
-42.0000 -23.0000
-42.0000 -22.0000
END
20 -47.0000 -23.0000
-46.0000 -23.0000
-46.0000 -24.0000
-47.0000 -24.0000
-47.0000 -23.0000
END
21 -46.0000 -23.0000
-45.0000 -23.0000
-45.0000 -24.0000
-46.0000 -24.0000
-46.0000 -23.0000
END
22 -45.0000 -23.0000
-44.0000 -23.0000
-44.0000 -24.0000
-45.0000 -24.0000
-45.0000 -23.0000
END
23 -44.0000 -23.0000
-43.0000 -23.0000
-43.0000 -24.0000
-44.0000 -24.0000
-44.0000 -23.0000
END
24 -43.0000 -23.0000
-42.0000 -23.0000
-42.0000 -24.0000
-43.0000 -24.0000
-43.0000 -23.0000
END
25 -42.0000 -23.0000
-41.0000 -23.0000
-41.0000 -24.0000
-42.0000 -24.0000
-42.0000 -23.0000
END
26 -47.0000 -24.0000
-46.0000 -24.0000
-46.0000 -25.0000
-47.0000 -25.0000
-47.0000 -24.0000
END
27 -46.0000 -24.0000
-45.0000 -24.0000
-45.0000 -25.0000
-46.0000 -25.0000
-46.0000 -24.0000
END
28 -45.0000 -24.0000
-44.0000 -24.0000
-44.0000 -25.0000
-45.0000 -25.0000
-45.0000 -24.0000
END
