1 -43.0000 -12.0000
-41.0000 -12.0000
-41.0000 -14.0000
-43.0000 -14.0000
-43.0000 -12.0000
END
2 -41.0000 -12.0000
-39.0000 -12.0000
-39.0000 -14.0000
-41.0000 -14.0000
-41.0000 -12.0000
END
3 -39.0000 -12.0000
-37.0000 -12.0000
-37.0000 -14.0000
-39.0000 -14.0000
-39.0000 -12.0000
END
4 -43.0000 -14.0000
-41.0000 -14.0000
-41.0000 -16.0000
-43.0000 -16.0000
-43.0000 -14.0000
END
5 -41.0000 -14.0000
-39.0000 -14.0000
-39.0000 -16.0000
-41.0000 -16.0000
-41.0000 -14.0000
END
6 -39.0000 -14.0000
-37.0000 -14.0000
-37.0000 -16.0000
-39.0000 -16.0000
-39.0000 -14.0000
END
7 -45.0000 -16.0000
-43.0000 -16.0000
-43.0000 -18.0000
-45.0000 -18.0000
-45.0000 -16.0000
END
8 -43.0000 -16.0000
-41.0000 -16.0000
-41.0000 -18.0000
-43.0000 -18.0000
-43.0000 -16.0000
END
9 -41.0000 -16.0000
-39.0000 -16.0000
-39.0000 -18.0000
-41.0000 -18.0000
-41.0000 -16.0000
END
10 -39.0000 -16.0000
-37.0000 -16.0000
-37.0000 -18.0000
-39.0000 -18.0000
-39.0000 -16.0000
END
11 -45.0000 -18.0000
-43.0000 -18.0000
-43.0000 -20.0000
-45.0000 -20.0000
-45.0000 -18.0000
END
12 -43.0000 -18.0000
-41.0000 -18.0000
-41.0000 -20.0000
-43.0000 -20.0000
-43.0000 -18.0000
END
13 -41.0000 -18.0000
-39.0000 -18.0000
-39.0000 -20.0000
-41.0000 -20.0000
-41.0000 -18.0000
END
14 -49.0000 -20.0000
-47.0000 -20.0000
-47.0000 -22.0000
-49.0000 -22.0000
-49.0000 -20.0000
END
15 -47.0000 -20.0000
-45.0000 -20.0000
-45.0000 -22.0000
-47.0000 -22.0000
-47.0000 -20.0000
END
16 -45.0000 -20.0000
-43.0000 -20.0000
-43.0000 -22.0000
-45.0000 -22.0000
-45.0000 -20.0000
END
17 -43.0000 -20.0000
-41.0000 -20.0000
-41.0000 -22.0000
-43.0000 -22.0000
-43.0000 -20.0000
END
18 -41.0000 -20.0000
-39.0000 -20.0000
-39.0000 -22.0000
-41.0000 -22.0000
-41.0000 -20.0000
END
19 -53.0000 -22.0000
-51.0000 -22.0000
-51.0000 -24.0000
-53.0000 -24.0000
-53.0000 -22.0000
END
20 -51.0000 -22.0000
-49.0000 -22.0000
-49.0000 -24.0000
-51.0000 -24.0000
-51.0000 -22.0000
END
21 -49.0000 -22.0000
-47.0000 -22.0000
-47.0000 -24.0000
-49.0000 -24.0000
-49.0000 -22.0000
END
22 -47.0000 -22.0000
-45.0000 -22.0000
-45.0000 -24.0000
-47.0000 -24.0000
-47.0000 -22.0000
END
23 -45.0000 -22.0000
-43.0000 -22.0000
-43.0000 -24.0000
-45.0000 -24.0000
-45.0000 -22.0000
END
24 -43.0000 -22.0000
-41.0000 -22.0000
-41.0000 -24.0000
-43.0000 -24.0000
-43.0000 -22.0000
END
25 -51.0000 -24.0000
-49.0000 -24.0000
-49.0000 -26.0000
-51.0000 -26.0000
-51.0000 -24.0000
END
26 -49.0000 -24.0000
-47.0000 -24.0000
-47.0000 -26.0000
-49.0000 -26.0000
-49.0000 -24.0000
END
27 -47.0000 -24.0000
-45.0000 -24.0000
-45.0000 -26.0000
-47.0000 -26.0000
-47.0000 -24.0000
END
28 -51.0000 -26.0000
-49.0000 -26.0000
-49.0000 -28.0000
-51.0000 -28.0000
-51.0000 -26.0000
END
29 -49.0000 -26.0000
-47.0000 -26.0000
-47.0000 -28.0000
-49.0000 -28.0000
-49.0000 -26.0000
END
