1 -39.0000 -16.0000
-37.0000 -16.0000
-37.0000 -18.0000
-39.0000 -18.0000
-39.0000 -16.0000
END
2 -39.0000 -18.0000
-37.0000 -18.0000
-37.0000 -20.0000
-39.0000 -20.0000
-39.0000 -18.0000
END
3 -43.0000 -2.0000
-41.0000 -2.0000
-41.0000 -4.0000
-43.0000 -4.0000
-43.0000 -2.0000
END
4 -41.0000 -2.0000
-39.0000 -2.0000
-39.0000 -4.0000
-41.0000 -4.0000
-41.0000 -2.0000
END
5 -45.0000 -4.0000
-43.0000 -4.0000
-43.0000 -6.0000
-45.0000 -6.0000
-45.0000 -4.0000
END
6 -43.0000 -4.0000
-41.0000 -4.0000
-41.0000 -6.0000
-43.0000 -6.0000
-43.0000 -4.0000
END
7 -41.0000 -4.0000
-39.0000 -4.0000
-39.0000 -6.0000
-41.0000 -6.0000
-41.0000 -4.0000
END
8 -39.0000 -4.0000
-37.0000 -4.0000
-37.0000 -6.0000
-39.0000 -6.0000
-39.0000 -4.0000
END
9 -45.0000 -6.0000
-43.0000 -6.0000
-43.0000 -8.0000
-45.0000 -8.0000
-45.0000 -6.0000
END
10 -43.0000 -6.0000
-41.0000 -6.0000
-41.0000 -8.0000
-43.0000 -8.0000
-43.0000 -6.0000
END
11 -41.0000 -6.0000
-39.0000 -6.0000
-39.0000 -8.0000
-41.0000 -8.0000
-41.0000 -6.0000
END
12 -39.0000 -6.0000
-37.0000 -6.0000
-37.0000 -8.0000
-39.0000 -8.0000
-39.0000 -6.0000
END
13 -37.0000 -6.0000
-35.0000 -6.0000
-35.0000 -8.0000
-37.0000 -8.0000
-37.0000 -6.0000
END
14 -45.0000 -8.0000
-43.0000 -8.0000
-43.0000 -10.0000
-45.0000 -10.0000
-45.0000 -8.0000
END
15 -43.0000 -8.0000
-41.0000 -8.0000
-41.0000 -10.0000
-43.0000 -10.0000
-43.0000 -8.0000
END
16 -41.0000 -8.0000
-39.0000 -8.0000
-39.0000 -10.0000
-41.0000 -10.0000
-41.0000 -8.0000
END
17 -39.0000 -8.0000
-37.0000 -8.0000
-37.0000 -10.0000
-39.0000 -10.0000
-39.0000 -8.0000
END
18 -47.0000 -10.0000
-45.0000 -10.0000
-45.0000 -12.0000
-47.0000 -12.0000
-47.0000 -10.0000
END
19 -45.0000 -10.0000
-43.0000 -10.0000
-43.0000 -12.0000
-45.0000 -12.0000
-45.0000 -10.0000
END
20 -43.0000 -10.0000
-41.0000 -10.0000
-41.0000 -12.0000
-43.0000 -12.0000
-43.0000 -10.0000
END
21 -41.0000 -10.0000
-39.0000 -10.0000
-39.0000 -12.0000
-41.0000 -12.0000
-41.0000 -10.0000
END
22 -39.0000 -10.0000
-37.0000 -10.0000
-37.0000 -12.0000
-39.0000 -12.0000
-39.0000 -10.0000
END
23 -47.0000 -12.0000
-45.0000 -12.0000
-45.0000 -14.0000
-47.0000 -14.0000
-47.0000 -12.0000
END
24 -45.0000 -12.0000
-43.0000 -12.0000
-43.0000 -14.0000
-45.0000 -14.0000
-45.0000 -12.0000
END
25 -43.0000 -12.0000
-41.0000 -12.0000
-41.0000 -14.0000
-43.0000 -14.0000
-43.0000 -12.0000
END
26 -41.0000 -12.0000
-39.0000 -12.0000
-39.0000 -14.0000
-41.0000 -14.0000
-41.0000 -12.0000
END
27 -39.0000 -12.0000
-37.0000 -12.0000
-37.0000 -14.0000
-39.0000 -14.0000
-39.0000 -12.0000
END
28 -49.0000 -14.0000
-47.0000 -14.0000
-47.0000 -16.0000
-49.0000 -16.0000
-49.0000 -14.0000
END
29 -47.0000 -14.0000
-45.0000 -14.0000
-45.0000 -16.0000
-47.0000 -16.0000
-47.0000 -14.0000
END
30 -45.0000 -14.0000
-43.0000 -14.0000
-43.0000 -16.0000
-45.0000 -16.0000
-45.0000 -14.0000
END
31 -43.0000 -14.0000
-41.0000 -14.0000
-41.0000 -16.0000
-43.0000 -16.0000
-43.0000 -14.0000
END
32 -41.0000 -14.0000
-39.0000 -14.0000
-39.0000 -16.0000
-41.0000 -16.0000
-41.0000 -14.0000
END
33 -39.0000 -14.0000
-37.0000 -14.0000
-37.0000 -16.0000
-39.0000 -16.0000
-39.0000 -14.0000
END
34 -49.0000 -16.0000
-47.0000 -16.0000
-47.0000 -18.0000
-49.0000 -18.0000
-49.0000 -16.0000
END
35 -47.0000 -16.0000
-45.0000 -16.0000
-45.0000 -18.0000
-47.0000 -18.0000
-47.0000 -16.0000
END
36 -45.0000 -16.0000
-43.0000 -16.0000
-43.0000 -18.0000
-45.0000 -18.0000
-45.0000 -16.0000
END
37 -43.0000 -16.0000
-41.0000 -16.0000
-41.0000 -18.0000
-43.0000 -18.0000
-43.0000 -16.0000
END
38 -41.0000 -16.0000
-39.0000 -16.0000
-39.0000 -18.0000
-41.0000 -18.0000
-41.0000 -16.0000
END
39 -47.0000 -18.0000
-45.0000 -18.0000
-45.0000 -20.0000
-47.0000 -20.0000
-47.0000 -18.0000
END
40 -45.0000 -18.0000
-43.0000 -18.0000
-43.0000 -20.0000
-45.0000 -20.0000
-45.0000 -18.0000
END
41 -43.0000 -18.0000
-41.0000 -18.0000
-41.0000 -20.0000
-43.0000 -20.0000
-43.0000 -18.0000
END
42 -41.0000 -18.0000
-39.0000 -18.0000
-39.0000 -20.0000
-41.0000 -20.0000
-41.0000 -18.0000
END
43 -47.0000 -20.0000
-45.0000 -20.0000
-45.0000 -22.0000
-47.0000 -22.0000
-47.0000 -20.0000
END
44 -45.0000 -20.0000
-43.0000 -20.0000
-43.0000 -22.0000
-45.0000 -22.0000
-45.0000 -20.0000
END
45 -43.0000 -20.0000
-41.0000 -20.0000
-41.0000 -22.0000
-43.0000 -22.0000
-43.0000 -20.0000
END
46 -41.0000 -20.0000
-39.0000 -20.0000
-39.0000 -22.0000
-41.0000 -22.0000
-41.0000 -20.0000
END
47 -47.0000 -22.0000
-45.0000 -22.0000
-45.0000 -24.0000
-47.0000 -24.0000
-47.0000 -22.0000
END
48 -45.0000 -22.0000
-43.0000 -22.0000
-43.0000 -24.0000
-45.0000 -24.0000
-45.0000 -22.0000
END
49 -43.0000 -22.0000
-41.0000 -22.0000
-41.0000 -24.0000
-43.0000 -24.0000
-43.0000 -22.0000
END
