1 -53.0000 2.0000
-51.0000 2.0000
-51.0000 0.0000
-53.0000 0.0000
-53.0000 2.0000
END
2 -51.0000 2.0000
-49.0000 2.0000
-49.0000 0.0000
-51.0000 0.0000
-51.0000 2.0000
END
3 -55.0000 8.0000
-53.0000 8.0000
-53.0000 6.0000
-55.0000 6.0000
-55.0000 8.0000
END
4 -57.0000 6.0000
-55.0000 6.0000
-55.0000 4.0000
-57.0000 4.0000
-57.0000 6.0000
END
5 -55.0000 6.0000
-53.0000 6.0000
-53.0000 4.0000
-55.0000 4.0000
-55.0000 6.0000
END
6 -53.0000 6.0000
-51.0000 6.0000
-51.0000 4.0000
-53.0000 4.0000
-53.0000 6.0000
END
7 -55.0000 4.0000
-53.0000 4.0000
-53.0000 2.0000
-55.0000 2.0000
-55.0000 4.0000
END
8 -53.0000 4.0000
-51.0000 4.0000
-51.0000 2.0000
-53.0000 2.0000
-53.0000 4.0000
END
