1 -63.0000 -14.0000
-61.0000 -14.0000
-61.0000 -16.0000
-63.0000 -16.0000
-63.0000 -14.0000
END
2 -61.0000 -14.0000
-59.0000 -14.0000
-59.0000 -16.0000
-61.0000 -16.0000
-61.0000 -14.0000
END
3 -59.0000 -14.0000
-57.0000 -14.0000
-57.0000 -16.0000
-59.0000 -16.0000
-59.0000 -14.0000
END
4 -65.0000 -16.0000
-63.0000 -16.0000
-63.0000 -18.0000
-65.0000 -18.0000
-65.0000 -16.0000
END
5 -63.0000 -16.0000
-61.0000 -16.0000
-61.0000 -18.0000
-63.0000 -18.0000
-63.0000 -16.0000
END
6 -61.0000 -16.0000
-59.0000 -16.0000
-59.0000 -18.0000
-61.0000 -18.0000
-61.0000 -16.0000
END
7 -59.0000 -16.0000
-57.0000 -16.0000
-57.0000 -18.0000
-59.0000 -18.0000
-59.0000 -16.0000
END
8 -65.0000 -18.0000
-63.0000 -18.0000
-63.0000 -20.0000
-65.0000 -20.0000
-65.0000 -18.0000
END
9 -63.0000 -18.0000
-61.0000 -18.0000
-61.0000 -20.0000
-63.0000 -20.0000
-63.0000 -18.0000
END
10 -61.0000 -18.0000
-59.0000 -18.0000
-59.0000 -20.0000
-61.0000 -20.0000
-61.0000 -18.0000
END
11 -59.0000 -18.0000
-57.0000 -18.0000
-57.0000 -20.0000
-59.0000 -20.0000
-59.0000 -18.0000
END
12 -63.0000 -20.0000
-61.0000 -20.0000
-61.0000 -22.0000
-63.0000 -22.0000
-63.0000 -20.0000
END
13 -61.0000 -20.0000
-59.0000 -20.0000
-59.0000 -22.0000
-61.0000 -22.0000
-61.0000 -20.0000
END
14 -59.0000 -20.0000
-57.0000 -20.0000
-57.0000 -22.0000
-59.0000 -22.0000
-59.0000 -20.0000
END
