1 -47.0000 -16.0000
-45.0000 -16.0000
-45.0000 -18.0000
-47.0000 -18.0000
-47.0000 -16.0000
END
2 -45.0000 -16.0000
-43.0000 -16.0000
-43.0000 -18.0000
-45.0000 -18.0000
-45.0000 -16.0000
END
3 -49.0000 -18.0000
-47.0000 -18.0000
-47.0000 -20.0000
-49.0000 -20.0000
-49.0000 -18.0000
END
4 -47.0000 -18.0000
-45.0000 -18.0000
-45.0000 -20.0000
-47.0000 -20.0000
-47.0000 -18.0000
END
5 -45.0000 -18.0000
-43.0000 -18.0000
-43.0000 -20.0000
-45.0000 -20.0000
-45.0000 -18.0000
END
6 -43.0000 -18.0000
-41.0000 -18.0000
-41.0000 -20.0000
-43.0000 -20.0000
-43.0000 -18.0000
END
7 -51.0000 -20.0000
-49.0000 -20.0000
-49.0000 -22.0000
-51.0000 -22.0000
-51.0000 -20.0000
END
8 -49.0000 -20.0000
-47.0000 -20.0000
-47.0000 -22.0000
-49.0000 -22.0000
-49.0000 -20.0000
END
9 -47.0000 -20.0000
-45.0000 -20.0000
-45.0000 -22.0000
-47.0000 -22.0000
-47.0000 -20.0000
END
10 -45.0000 -20.0000
-43.0000 -20.0000
-43.0000 -22.0000
-45.0000 -22.0000
-45.0000 -20.0000
END
11 -43.0000 -20.0000
-41.0000 -20.0000
-41.0000 -22.0000
-43.0000 -22.0000
-43.0000 -20.0000
END
12 -51.0000 -22.0000
-49.0000 -22.0000
-49.0000 -24.0000
-51.0000 -24.0000
-51.0000 -22.0000
END
13 -49.0000 -22.0000
-47.0000 -22.0000
-47.0000 -24.0000
-49.0000 -24.0000
-49.0000 -22.0000
END
14 -47.0000 -22.0000
-45.0000 -22.0000
-45.0000 -24.0000
-47.0000 -24.0000
-47.0000 -22.0000
END
15 -45.0000 -22.0000
-43.0000 -22.0000
-43.0000 -24.0000
-45.0000 -24.0000
-45.0000 -22.0000
END
16 -43.0000 -22.0000
-41.0000 -22.0000
-41.0000 -24.0000
-43.0000 -24.0000
-43.0000 -22.0000
END
17 -51.0000 -24.0000
-49.0000 -24.0000
-49.0000 -26.0000
-51.0000 -26.0000
-51.0000 -24.0000
END
18 -49.0000 -24.0000
-47.0000 -24.0000
-47.0000 -26.0000
-49.0000 -26.0000
-49.0000 -24.0000
END
19 -47.0000 -24.0000
-45.0000 -24.0000
-45.0000 -26.0000
-47.0000 -26.0000
-47.0000 -24.0000
END
