1 -45.0000 0.0000
-43.0000 0.0000
-43.0000 -2.0000
-45.0000 -2.0000
-45.0000 0.0000
END
2 -39.0000 -2.0000
-37.0000 -2.0000
-37.0000 -4.0000
-39.0000 -4.0000
-39.0000 -2.0000
END
3 -47.0000 -4.0000
-45.0000 -4.0000
-45.0000 -6.0000
-47.0000 -6.0000
-47.0000 -4.0000
END
4 -35.0000 -4.0000
-33.0000 -4.0000
-33.0000 -6.0000
-35.0000 -6.0000
-35.0000 -4.0000
END
5 -47.0000 -6.0000
-45.0000 -6.0000
-45.0000 -8.0000
-47.0000 -8.0000
-47.0000 -6.0000
END
6 -49.0000 -8.0000
-47.0000 -8.0000
-47.0000 -10.0000
-49.0000 -10.0000
-49.0000 -8.0000
END
7 -35.0000 -8.0000
-33.0000 -8.0000
-33.0000 -10.0000
-35.0000 -10.0000
-35.0000 -8.0000
END
8 -49.0000 -10.0000
-47.0000 -10.0000
-47.0000 -12.0000
-49.0000 -12.0000
-49.0000 -10.0000
END
9 -37.0000 -10.0000
-35.0000 -10.0000
-35.0000 -12.0000
-37.0000 -12.0000
-37.0000 -10.0000
END
10 -49.0000 -12.0000
-47.0000 -12.0000
-47.0000 -14.0000
-49.0000 -14.0000
-49.0000 -12.0000
END
11 -51.0000 -14.0000
-49.0000 -14.0000
-49.0000 -16.0000
-51.0000 -16.0000
-51.0000 -14.0000
END
12 -49.0000 -14.0000
-47.0000 -14.0000
-47.0000 -16.0000
-49.0000 -16.0000
-49.0000 -14.0000
END
13 -51.0000 -16.0000
-49.0000 -16.0000
-49.0000 -18.0000
-51.0000 -18.0000
-51.0000 -16.0000
END
14 -49.0000 -16.0000
-47.0000 -16.0000
-47.0000 -18.0000
-49.0000 -18.0000
-49.0000 -16.0000
END
15 -45.0000 -2.0000
-43.0000 -2.0000
-43.0000 -4.0000
-45.0000 -4.0000
-45.0000 -2.0000
END
16 -43.0000 -2.0000
-41.0000 -2.0000
-41.0000 -4.0000
-43.0000 -4.0000
-43.0000 -2.0000
END
17 -41.0000 -2.0000
-39.0000 -2.0000
-39.0000 -4.0000
-41.0000 -4.0000
-41.0000 -2.0000
END
18 -45.0000 -4.0000
-43.0000 -4.0000
-43.0000 -6.0000
-45.0000 -6.0000
-45.0000 -4.0000
END
19 -43.0000 -4.0000
-41.0000 -4.0000
-41.0000 -6.0000
-43.0000 -6.0000
-43.0000 -4.0000
END
20 -41.0000 -4.0000
-39.0000 -4.0000
-39.0000 -6.0000
-41.0000 -6.0000
-41.0000 -4.0000
END
21 -39.0000 -4.0000
-37.0000 -4.0000
-37.0000 -6.0000
-39.0000 -6.0000
-39.0000 -4.0000
END
22 -37.0000 -4.0000
-35.0000 -4.0000
-35.0000 -6.0000
-37.0000 -6.0000
-37.0000 -4.0000
END
23 -45.0000 -6.0000
-43.0000 -6.0000
-43.0000 -8.0000
-45.0000 -8.0000
-45.0000 -6.0000
END
24 -43.0000 -6.0000
-41.0000 -6.0000
-41.0000 -8.0000
-43.0000 -8.0000
-43.0000 -6.0000
END
25 -41.0000 -6.0000
-39.0000 -6.0000
-39.0000 -8.0000
-41.0000 -8.0000
-41.0000 -6.0000
END
26 -39.0000 -6.0000
-37.0000 -6.0000
-37.0000 -8.0000
-39.0000 -8.0000
-39.0000 -6.0000
END
27 -37.0000 -6.0000
-35.0000 -6.0000
-35.0000 -8.0000
-37.0000 -8.0000
-37.0000 -6.0000
END
28 -35.0000 -6.0000
-33.0000 -6.0000
-33.0000 -8.0000
-35.0000 -8.0000
-35.0000 -6.0000
END
29 -47.0000 -8.0000
-45.0000 -8.0000
-45.0000 -10.0000
-47.0000 -10.0000
-47.0000 -8.0000
END
30 -39.0000 -8.0000
-37.0000 -8.0000
-37.0000 -10.0000
-39.0000 -10.0000
-39.0000 -8.0000
END
31 -37.0000 -8.0000
-35.0000 -8.0000
-35.0000 -10.0000
-37.0000 -10.0000
-37.0000 -8.0000
END
32 -47.0000 -10.0000
-45.0000 -10.0000
-45.0000 -12.0000
-47.0000 -12.0000
-47.0000 -10.0000
END
33 -47.0000 -12.0000
-45.0000 -12.0000
-45.0000 -14.0000
-47.0000 -14.0000
-47.0000 -12.0000
END
34 -47.0000 -14.0000
-45.0000 -14.0000
-45.0000 -16.0000
-47.0000 -16.0000
-47.0000 -14.0000
END
35 -45.0000 -8.0000
-43.0000 -8.0000
-43.0000 -10.0000
-45.0000 -10.0000
-45.0000 -8.0000
END
36 -43.0000 -8.0000
-41.0000 -8.0000
-41.0000 -10.0000
-43.0000 -10.0000
-43.0000 -8.0000
END
37 -41.0000 -8.0000
-39.0000 -8.0000
-39.0000 -10.0000
-41.0000 -10.0000
-41.0000 -8.0000
END
38 -45.0000 -10.0000
-43.0000 -10.0000
-43.0000 -12.0000
-45.0000 -12.0000
-45.0000 -10.0000
END
39 -45.0000 -12.0000
-43.0000 -12.0000
-43.0000 -14.0000
-45.0000 -14.0000
-45.0000 -12.0000
END
40 -47.0000 -16.0000
-45.0000 -16.0000
-45.0000 -18.0000
-47.0000 -18.0000
-47.0000 -16.0000
END
41 -47.0000 -18.0000
-45.0000 -18.0000
-45.0000 -20.0000
-47.0000 -20.0000
-47.0000 -18.0000
END
42 -43.0000 -10.0000
-41.0000 -10.0000
-41.0000 -12.0000
-43.0000 -12.0000
-43.0000 -10.0000
END
43 -41.0000 -10.0000
-39.0000 -10.0000
-39.0000 -12.0000
-41.0000 -12.0000
-41.0000 -10.0000
END
44 -39.0000 -10.0000
-37.0000 -10.0000
-37.0000 -12.0000
-39.0000 -12.0000
-39.0000 -10.0000
END
45 -45.0000 -14.0000
-43.0000 -14.0000
-43.0000 -16.0000
-45.0000 -16.0000
-45.0000 -14.0000
END
46 -49.0000 -20.0000
-47.0000 -20.0000
-47.0000 -22.0000
-49.0000 -22.0000
-49.0000 -20.0000
END
47 -49.0000 -22.0000
-47.0000 -22.0000
-47.0000 -24.0000
-49.0000 -24.0000
-49.0000 -22.0000
END
48 -49.0000 -24.0000
-47.0000 -24.0000
-47.0000 -26.0000
-49.0000 -26.0000
-49.0000 -24.0000
END
49 -47.0000 -24.0000
-45.0000 -24.0000
-45.0000 -26.0000
-47.0000 -26.0000
-47.0000 -24.0000
END
50 -45.0000 -24.0000
-43.0000 -24.0000
-43.0000 -26.0000
-45.0000 -26.0000
-45.0000 -24.0000
END
51 -43.0000 -12.0000
-41.0000 -12.0000
-41.0000 -14.0000
-43.0000 -14.0000
-43.0000 -12.0000
END
52 -41.0000 -12.0000
-39.0000 -12.0000
-39.0000 -14.0000
-41.0000 -14.0000
-41.0000 -12.0000
END
53 -39.0000 -12.0000
-37.0000 -12.0000
-37.0000 -14.0000
-39.0000 -14.0000
-39.0000 -12.0000
END
54 -43.0000 -14.0000
-41.0000 -14.0000
-41.0000 -16.0000
-43.0000 -16.0000
-43.0000 -14.0000
END
55 -41.0000 -14.0000
-39.0000 -14.0000
-39.0000 -16.0000
-41.0000 -16.0000
-41.0000 -14.0000
END
56 -39.0000 -14.0000
-37.0000 -14.0000
-37.0000 -16.0000
-39.0000 -16.0000
-39.0000 -14.0000
END
57 -45.0000 -16.0000
-43.0000 -16.0000
-43.0000 -18.0000
-45.0000 -18.0000
-45.0000 -16.0000
END
58 -43.0000 -16.0000
-41.0000 -16.0000
-41.0000 -18.0000
-43.0000 -18.0000
-43.0000 -16.0000
END
59 -41.0000 -16.0000
-39.0000 -16.0000
-39.0000 -18.0000
-41.0000 -18.0000
-41.0000 -16.0000
END
60 -39.0000 -16.0000
-37.0000 -16.0000
-37.0000 -18.0000
-39.0000 -18.0000
-39.0000 -16.0000
END
61 -45.0000 -18.0000
-43.0000 -18.0000
-43.0000 -20.0000
-45.0000 -20.0000
-45.0000 -18.0000
END
62 -43.0000 -18.0000
-41.0000 -18.0000
-41.0000 -20.0000
-43.0000 -20.0000
-43.0000 -18.0000
END
63 -41.0000 -18.0000
-39.0000 -18.0000
-39.0000 -20.0000
-41.0000 -20.0000
-41.0000 -18.0000
END
64 -39.0000 -18.0000
-37.0000 -18.0000
-37.0000 -20.0000
-39.0000 -20.0000
-39.0000 -18.0000
END
65 -47.0000 -20.0000
-45.0000 -20.0000
-45.0000 -22.0000
-47.0000 -22.0000
-47.0000 -20.0000
END
66 -45.0000 -20.0000
-43.0000 -20.0000
-43.0000 -22.0000
-45.0000 -22.0000
-45.0000 -20.0000
END
67 -43.0000 -20.0000
-41.0000 -20.0000
-41.0000 -22.0000
-43.0000 -22.0000
-43.0000 -20.0000
END
68 -41.0000 -20.0000
-39.0000 -20.0000
-39.0000 -22.0000
-41.0000 -22.0000
-41.0000 -20.0000
END
69 -47.0000 -22.0000
-45.0000 -22.0000
-45.0000 -24.0000
-47.0000 -24.0000
-47.0000 -22.0000
END
70 -45.0000 -22.0000
-43.0000 -22.0000
-43.0000 -24.0000
-45.0000 -24.0000
-45.0000 -22.0000
END
71 -43.0000 -22.0000
-41.0000 -22.0000
-41.0000 -24.0000
-43.0000 -24.0000
-43.0000 -22.0000
END
72 -41.0000 -22.0000
-39.0000 -22.0000
-39.0000 -24.0000
-41.0000 -24.0000
-41.0000 -22.0000
END
