1 -75.0000 14.0000
-73.0000 14.0000
-73.0000 12.0000
-75.0000 12.0000
-75.0000 14.0000
END
2 -73.0000 14.0000
-71.0000 14.0000
-71.0000 12.0000
-73.0000 12.0000
-73.0000 14.0000
END
3 -77.0000 8.0000
-75.0000 8.0000
-75.0000 6.0000
-77.0000 6.0000
-77.0000 8.0000
END
4 -75.0000 8.0000
-73.0000 8.0000
-73.0000 6.0000
-75.0000 6.0000
-75.0000 8.0000
END
5 -73.0000 8.0000
-71.0000 8.0000
-71.0000 6.0000
-73.0000 6.0000
-73.0000 8.0000
END
6 -77.0000 12.0000
-75.0000 12.0000
-75.0000 10.0000
-77.0000 10.0000
-77.0000 12.0000
END
7 -75.0000 12.0000
-73.0000 12.0000
-73.0000 10.0000
-75.0000 10.0000
-75.0000 12.0000
END
8 -73.0000 12.0000
-71.0000 12.0000
-71.0000 10.0000
-73.0000 10.0000
-73.0000 12.0000
END
9 -71.0000 12.0000
-69.0000 12.0000
-69.0000 10.0000
-71.0000 10.0000
-71.0000 12.0000
END
10 -69.0000 12.0000
-67.0000 12.0000
-67.0000 10.0000
-69.0000 10.0000
-69.0000 12.0000
END
11 -67.0000 12.0000
-65.0000 12.0000
-65.0000 10.0000
-67.0000 10.0000
-67.0000 12.0000
END
12 -77.0000 10.0000
-75.0000 10.0000
-75.0000 8.0000
-77.0000 8.0000
-77.0000 10.0000
END
13 -75.0000 10.0000
-73.0000 10.0000
-73.0000 8.0000
-75.0000 8.0000
-75.0000 10.0000
END
14 -73.0000 10.0000
-71.0000 10.0000
-71.0000 8.0000
-73.0000 8.0000
-73.0000 10.0000
END
15 -71.0000 10.0000
-69.0000 10.0000
-69.0000 8.0000
-71.0000 8.0000
-71.0000 10.0000
END
16 -69.0000 10.0000
-67.0000 10.0000
-67.0000 8.0000
-69.0000 8.0000
-69.0000 10.0000
END
17 -67.0000 10.0000
-65.0000 10.0000
-65.0000 8.0000
-67.0000 8.0000
-67.0000 10.0000
END
