1 -53.0000 -20.0000
-51.0000 -20.0000
-51.0000 -22.0000
-53.0000 -22.0000
-53.0000 -20.0000
END
2 -51.0000 -20.0000
-49.0000 -20.0000
-49.0000 -22.0000
-51.0000 -22.0000
-51.0000 -20.0000
END
3 -49.0000 -20.0000
-47.0000 -20.0000
-47.0000 -22.0000
-49.0000 -22.0000
-49.0000 -20.0000
END
4 -47.0000 -20.0000
-45.0000 -20.0000
-45.0000 -22.0000
-47.0000 -22.0000
-47.0000 -20.0000
END
5 -45.0000 -20.0000
-43.0000 -20.0000
-43.0000 -22.0000
-45.0000 -22.0000
-45.0000 -20.0000
END
6 -57.0000 -22.0000
-55.0000 -22.0000
-55.0000 -24.0000
-57.0000 -24.0000
-57.0000 -22.0000
END
7 -55.0000 -22.0000
-53.0000 -22.0000
-53.0000 -24.0000
-55.0000 -24.0000
-55.0000 -22.0000
END
8 -53.0000 -22.0000
-51.0000 -22.0000
-51.0000 -24.0000
-53.0000 -24.0000
-53.0000 -22.0000
END
9 -51.0000 -22.0000
-49.0000 -22.0000
-49.0000 -24.0000
-51.0000 -24.0000
-51.0000 -22.0000
END
10 -49.0000 -22.0000
-47.0000 -22.0000
-47.0000 -24.0000
-49.0000 -24.0000
-49.0000 -22.0000
END
11 -47.0000 -22.0000
-45.0000 -22.0000
-45.0000 -24.0000
-47.0000 -24.0000
-47.0000 -22.0000
END
12 -45.0000 -22.0000
-43.0000 -22.0000
-43.0000 -24.0000
-45.0000 -24.0000
-45.0000 -22.0000
END
13 -59.0000 -24.0000
-57.0000 -24.0000
-57.0000 -26.0000
-59.0000 -26.0000
-59.0000 -24.0000
END
14 -57.0000 -24.0000
-55.0000 -24.0000
-55.0000 -26.0000
-57.0000 -26.0000
-57.0000 -24.0000
END
15 -55.0000 -24.0000
-53.0000 -24.0000
-53.0000 -26.0000
-55.0000 -26.0000
-55.0000 -24.0000
END
16 -53.0000 -24.0000
-51.0000 -24.0000
-51.0000 -26.0000
-53.0000 -26.0000
-53.0000 -24.0000
END
17 -51.0000 -24.0000
-49.0000 -24.0000
-49.0000 -26.0000
-51.0000 -26.0000
-51.0000 -24.0000
END
18 -49.0000 -24.0000
-47.0000 -24.0000
-47.0000 -26.0000
-49.0000 -26.0000
-49.0000 -24.0000
END
19 -47.0000 -24.0000
-45.0000 -24.0000
-45.0000 -26.0000
-47.0000 -26.0000
-47.0000 -24.0000
END
20 -59.0000 -26.0000
-57.0000 -26.0000
-57.0000 -28.0000
-59.0000 -28.0000
-59.0000 -26.0000
END
21 -57.0000 -26.0000
-55.0000 -26.0000
-55.0000 -28.0000
-57.0000 -28.0000
-57.0000 -26.0000
END
22 -55.0000 -26.0000
-53.0000 -26.0000
-53.0000 -28.0000
-55.0000 -28.0000
-55.0000 -26.0000
END
23 -53.0000 -26.0000
-51.0000 -26.0000
-51.0000 -28.0000
-53.0000 -28.0000
-53.0000 -26.0000
END
24 -51.0000 -26.0000
-49.0000 -26.0000
-49.0000 -28.0000
-51.0000 -28.0000
-51.0000 -26.0000
END
25 -57.0000 -28.0000
-55.0000 -28.0000
-55.0000 -30.0000
-57.0000 -30.0000
-57.0000 -28.0000
END
26 -55.0000 -28.0000
-53.0000 -28.0000
-53.0000 -30.0000
-55.0000 -30.0000
-55.0000 -28.0000
END
