1 -99.0000 20.0000
-97.0000 20.0000
-97.0000 18.0000
-99.0000 18.0000
-99.0000 20.0000
END
2 -97.0000 20.0000
-95.0000 20.0000
-95.0000 18.0000
-97.0000 18.0000
-97.0000 20.0000
END
3 -95.0000 20.0000
-93.0000 20.0000
-93.0000 18.0000
-95.0000 18.0000
-95.0000 20.0000
END
4 -93.0000 20.0000
-91.0000 20.0000
-91.0000 18.0000
-93.0000 18.0000
-93.0000 20.0000
END
5 -91.0000 20.0000
-89.0000 20.0000
-89.0000 18.0000
-91.0000 18.0000
-91.0000 20.0000
END
6 -89.0000 20.0000
-87.0000 20.0000
-87.0000 18.0000
-89.0000 18.0000
-89.0000 20.0000
END
7 -87.0000 20.0000
-85.0000 20.0000
-85.0000 18.0000
-87.0000 18.0000
-87.0000 20.0000
END
8 -99.0000 18.0000
-97.0000 18.0000
-97.0000 16.0000
-99.0000 16.0000
-99.0000 18.0000
END
9 -97.0000 18.0000
-95.0000 18.0000
-95.0000 16.0000
-97.0000 16.0000
-97.0000 18.0000
END
10 -95.0000 18.0000
-93.0000 18.0000
-93.0000 16.0000
-95.0000 16.0000
-95.0000 18.0000
END
11 -93.0000 18.0000
-91.0000 18.0000
-91.0000 16.0000
-93.0000 16.0000
-93.0000 18.0000
END
12 -91.0000 18.0000
-89.0000 18.0000
-89.0000 16.0000
-91.0000 16.0000
-91.0000 18.0000
END
13 -89.0000 18.0000
-87.0000 18.0000
-87.0000 16.0000
-89.0000 16.0000
-89.0000 18.0000
END
14 -99.0000 16.0000
-97.0000 16.0000
-97.0000 14.0000
-99.0000 14.0000
-99.0000 16.0000
END
15 -97.0000 16.0000
-95.0000 16.0000
-95.0000 14.0000
-97.0000 14.0000
-97.0000 16.0000
END
16 -95.0000 16.0000
-93.0000 16.0000
-93.0000 14.0000
-95.0000 14.0000
-95.0000 16.0000
END
17 -93.0000 16.0000
-91.0000 16.0000
-91.0000 14.0000
-93.0000 14.0000
-93.0000 16.0000
END
18 -91.0000 16.0000
-89.0000 16.0000
-89.0000 14.0000
-91.0000 14.0000
-91.0000 16.0000
END
19 -89.0000 16.0000
-87.0000 16.0000
-87.0000 14.0000
-89.0000 14.0000
-89.0000 16.0000
END
