1 -63.0000 -12.0000
-61.0000 -12.0000
-61.0000 -14.0000
-63.0000 -14.0000
-63.0000 -12.0000
END
2 -61.0000 -12.0000
-59.0000 -12.0000
-59.0000 -14.0000
-61.0000 -14.0000
-61.0000 -12.0000
END
3 -59.0000 -12.0000
-57.0000 -12.0000
-57.0000 -14.0000
-59.0000 -14.0000
-59.0000 -12.0000
END
4 -57.0000 -12.0000
-55.0000 -12.0000
-55.0000 -14.0000
-57.0000 -14.0000
-57.0000 -12.0000
END
5 -55.0000 -12.0000
-53.0000 -12.0000
-53.0000 -14.0000
-55.0000 -14.0000
-55.0000 -12.0000
END
6 -53.0000 -12.0000
-51.0000 -12.0000
-51.0000 -14.0000
-53.0000 -14.0000
-53.0000 -12.0000
END
7 -51.0000 -12.0000
-49.0000 -12.0000
-49.0000 -14.0000
-51.0000 -14.0000
-51.0000 -12.0000
END
8 -49.0000 -12.0000
-47.0000 -12.0000
-47.0000 -14.0000
-49.0000 -14.0000
-49.0000 -12.0000
END
9 -47.0000 -12.0000
-45.0000 -12.0000
-45.0000 -14.0000
-47.0000 -14.0000
-47.0000 -12.0000
END
10 -45.0000 -12.0000
-43.0000 -12.0000
-43.0000 -14.0000
-45.0000 -14.0000
-45.0000 -12.0000
END
11 -43.0000 -12.0000
-41.0000 -12.0000
-41.0000 -14.0000
-43.0000 -14.0000
-43.0000 -12.0000
END
12 -63.0000 -14.0000
-61.0000 -14.0000
-61.0000 -16.0000
-63.0000 -16.0000
-63.0000 -14.0000
END
13 -61.0000 -14.0000
-59.0000 -14.0000
-59.0000 -16.0000
-61.0000 -16.0000
-61.0000 -14.0000
END
14 -59.0000 -14.0000
-57.0000 -14.0000
-57.0000 -16.0000
-59.0000 -16.0000
-59.0000 -14.0000
END
15 -57.0000 -14.0000
-55.0000 -14.0000
-55.0000 -16.0000
-57.0000 -16.0000
-57.0000 -14.0000
END
16 -55.0000 -14.0000
-53.0000 -14.0000
-53.0000 -16.0000
-55.0000 -16.0000
-55.0000 -14.0000
END
17 -53.0000 -14.0000
-51.0000 -14.0000
-51.0000 -16.0000
-53.0000 -16.0000
-53.0000 -14.0000
END
18 -51.0000 -14.0000
-49.0000 -14.0000
-49.0000 -16.0000
-51.0000 -16.0000
-51.0000 -14.0000
END
19 -49.0000 -14.0000
-47.0000 -14.0000
-47.0000 -16.0000
-49.0000 -16.0000
-49.0000 -14.0000
END
20 -47.0000 -14.0000
-45.0000 -14.0000
-45.0000 -16.0000
-47.0000 -16.0000
-47.0000 -14.0000
END
21 -45.0000 -14.0000
-43.0000 -14.0000
-43.0000 -16.0000
-45.0000 -16.0000
-45.0000 -14.0000
END
22 -43.0000 -14.0000
-41.0000 -14.0000
-41.0000 -16.0000
-43.0000 -16.0000
-43.0000 -14.0000
END
23 -41.0000 -14.0000
-39.0000 -14.0000
-39.0000 -16.0000
-41.0000 -16.0000
-41.0000 -14.0000
END
24 -63.0000 -16.0000
-61.0000 -16.0000
-61.0000 -18.0000
-63.0000 -18.0000
-63.0000 -16.0000
END
25 -61.0000 -16.0000
-59.0000 -16.0000
-59.0000 -18.0000
-61.0000 -18.0000
-61.0000 -16.0000
END
26 -59.0000 -16.0000
-57.0000 -16.0000
-57.0000 -18.0000
-59.0000 -18.0000
-59.0000 -16.0000
END
27 -57.0000 -16.0000
-55.0000 -16.0000
-55.0000 -18.0000
-57.0000 -18.0000
-57.0000 -16.0000
END
28 -55.0000 -16.0000
-53.0000 -16.0000
-53.0000 -18.0000
-55.0000 -18.0000
-55.0000 -16.0000
END
29 -53.0000 -16.0000
-51.0000 -16.0000
-51.0000 -18.0000
-53.0000 -18.0000
-53.0000 -16.0000
END
30 -51.0000 -16.0000
-49.0000 -16.0000
-49.0000 -18.0000
-51.0000 -18.0000
-51.0000 -16.0000
END
31 -49.0000 -16.0000
-47.0000 -16.0000
-47.0000 -18.0000
-49.0000 -18.0000
-49.0000 -16.0000
END
32 -47.0000 -16.0000
-45.0000 -16.0000
-45.0000 -18.0000
-47.0000 -18.0000
-47.0000 -16.0000
END
33 -45.0000 -16.0000
-43.0000 -16.0000
-43.0000 -18.0000
-45.0000 -18.0000
-45.0000 -16.0000
END
34 -43.0000 -16.0000
-41.0000 -16.0000
-41.0000 -18.0000
-43.0000 -18.0000
-43.0000 -16.0000
END
35 -41.0000 -16.0000
-39.0000 -16.0000
-39.0000 -18.0000
-41.0000 -18.0000
-41.0000 -16.0000
END
36 -61.0000 -18.0000
-59.0000 -18.0000
-59.0000 -20.0000
-61.0000 -20.0000
-61.0000 -18.0000
END
37 -59.0000 -18.0000
-57.0000 -18.0000
-57.0000 -20.0000
-59.0000 -20.0000
-59.0000 -18.0000
END
38 -57.0000 -18.0000
-55.0000 -18.0000
-55.0000 -20.0000
-57.0000 -20.0000
-57.0000 -18.0000
END
39 -55.0000 -18.0000
-53.0000 -18.0000
-53.0000 -20.0000
-55.0000 -20.0000
-55.0000 -18.0000
END
40 -53.0000 -18.0000
-51.0000 -18.0000
-51.0000 -20.0000
-53.0000 -20.0000
-53.0000 -18.0000
END
41 -51.0000 -18.0000
-49.0000 -18.0000
-49.0000 -20.0000
-51.0000 -20.0000
-51.0000 -18.0000
END
42 -49.0000 -18.0000
-47.0000 -18.0000
-47.0000 -20.0000
-49.0000 -20.0000
-49.0000 -18.0000
END
43 -47.0000 -18.0000
-45.0000 -18.0000
-45.0000 -20.0000
-47.0000 -20.0000
-47.0000 -18.0000
END
44 -45.0000 -18.0000
-43.0000 -18.0000
-43.0000 -20.0000
-45.0000 -20.0000
-45.0000 -18.0000
END
45 -43.0000 -18.0000
-41.0000 -18.0000
-41.0000 -20.0000
-43.0000 -20.0000
-43.0000 -18.0000
END
46 -41.0000 -18.0000
-39.0000 -18.0000
-39.0000 -20.0000
-41.0000 -20.0000
-41.0000 -18.0000
END
47 -59.0000 -20.0000
-57.0000 -20.0000
-57.0000 -22.0000
-59.0000 -22.0000
-59.0000 -20.0000
END
48 -57.0000 -20.0000
-55.0000 -20.0000
-55.0000 -22.0000
-57.0000 -22.0000
-57.0000 -20.0000
END
49 -55.0000 -20.0000
-53.0000 -20.0000
-53.0000 -22.0000
-55.0000 -22.0000
-55.0000 -20.0000
END
50 -53.0000 -20.0000
-51.0000 -20.0000
-51.0000 -22.0000
-53.0000 -22.0000
-53.0000 -20.0000
END
51 -51.0000 -20.0000
-49.0000 -20.0000
-49.0000 -22.0000
-51.0000 -22.0000
-51.0000 -20.0000
END
52 -49.0000 -20.0000
-47.0000 -20.0000
-47.0000 -22.0000
-49.0000 -22.0000
-49.0000 -20.0000
END
53 -47.0000 -20.0000
-45.0000 -20.0000
-45.0000 -22.0000
-47.0000 -22.0000
-47.0000 -20.0000
END
54 -45.0000 -20.0000
-43.0000 -20.0000
-43.0000 -22.0000
-45.0000 -22.0000
-45.0000 -20.0000
END
55 -43.0000 -20.0000
-41.0000 -20.0000
-41.0000 -22.0000
-43.0000 -22.0000
-43.0000 -20.0000
END
56 -59.0000 -22.0000
-57.0000 -22.0000
-57.0000 -24.0000
-59.0000 -24.0000
-59.0000 -22.0000
END
57 -57.0000 -22.0000
-55.0000 -22.0000
-55.0000 -24.0000
-57.0000 -24.0000
-57.0000 -22.0000
END
58 -55.0000 -22.0000
-53.0000 -22.0000
-53.0000 -24.0000
-55.0000 -24.0000
-55.0000 -22.0000
END
59 -53.0000 -22.0000
-51.0000 -22.0000
-51.0000 -24.0000
-53.0000 -24.0000
-53.0000 -22.0000
END
60 -51.0000 -22.0000
-49.0000 -22.0000
-49.0000 -24.0000
-51.0000 -24.0000
-51.0000 -22.0000
END
61 -49.0000 -22.0000
-47.0000 -22.0000
-47.0000 -24.0000
-49.0000 -24.0000
-49.0000 -22.0000
END
62 -47.0000 -22.0000
-45.0000 -22.0000
-45.0000 -24.0000
-47.0000 -24.0000
-47.0000 -22.0000
END
63 -45.0000 -22.0000
-43.0000 -22.0000
-43.0000 -24.0000
-45.0000 -24.0000
-45.0000 -22.0000
END
64 -43.0000 -22.0000
-41.0000 -22.0000
-41.0000 -24.0000
-43.0000 -24.0000
-43.0000 -22.0000
END
65 -57.0000 -24.0000
-55.0000 -24.0000
-55.0000 -26.0000
-57.0000 -26.0000
-57.0000 -24.0000
END
66 -55.0000 -24.0000
-53.0000 -24.0000
-53.0000 -26.0000
-55.0000 -26.0000
-55.0000 -24.0000
END
67 -53.0000 -24.0000
-51.0000 -24.0000
-51.0000 -26.0000
-53.0000 -26.0000
-53.0000 -24.0000
END
68 -51.0000 -24.0000
-49.0000 -24.0000
-49.0000 -26.0000
-51.0000 -26.0000
-51.0000 -24.0000
END
69 -49.0000 -24.0000
-47.0000 -24.0000
-47.0000 -26.0000
-49.0000 -26.0000
-49.0000 -24.0000
END
70 -47.0000 -24.0000
-45.0000 -24.0000
-45.0000 -26.0000
-47.0000 -26.0000
-47.0000 -24.0000
END
71 -45.0000 -24.0000
-43.0000 -24.0000
-43.0000 -26.0000
-45.0000 -26.0000
-45.0000 -24.0000
END
