1 -77.0000 10.0000
-75.0000 10.0000
-75.0000 8.0000
-77.0000 8.0000
-77.0000 10.0000
END
2 -77.0000 8.0000
-75.0000 8.0000
-75.0000 6.0000
-77.0000 6.0000
-77.0000 8.0000
END
3 -77.0000 6.0000
-75.0000 6.0000
-75.0000 4.0000
-77.0000 4.0000
-77.0000 6.0000
END
4 -77.0000 4.0000
-75.0000 4.0000
-75.0000 2.0000
-77.0000 2.0000
-77.0000 4.0000
END
5 -77.0000 2.0000
-75.0000 2.0000
-75.0000 0.0000
-77.0000 0.0000
-77.0000 2.0000
END
6 -77.0000 -10.0000
-75.0000 -10.0000
-75.0000 -12.0000
-77.0000 -12.0000
-77.0000 -10.0000
END
7 -75.0000 -10.0000
-73.0000 -10.0000
-73.0000 -12.0000
-75.0000 -12.0000
-75.0000 -10.0000
END
8 -57.0000 -10.0000
-55.0000 -10.0000
-55.0000 -12.0000
-57.0000 -12.0000
-57.0000 -10.0000
END
9 -59.0000 -12.0000
-57.0000 -12.0000
-57.0000 -14.0000
-59.0000 -14.0000
-59.0000 -12.0000
END
10 -61.0000 -14.0000
-59.0000 -14.0000
-59.0000 -16.0000
-61.0000 -16.0000
-61.0000 -14.0000
END
11 -59.0000 -14.0000
-57.0000 -14.0000
-57.0000 -16.0000
-59.0000 -16.0000
-59.0000 -14.0000
END
12 -65.0000 12.0000
-63.0000 12.0000
-63.0000 10.0000
-65.0000 10.0000
-65.0000 12.0000
END
13 -63.0000 12.0000
-61.0000 12.0000
-61.0000 10.0000
-63.0000 10.0000
-63.0000 12.0000
END
14 -61.0000 12.0000
-59.0000 12.0000
-59.0000 10.0000
-61.0000 10.0000
-61.0000 12.0000
END
15 -75.0000 10.0000
-73.0000 10.0000
-73.0000 8.0000
-75.0000 8.0000
-75.0000 10.0000
END
16 -73.0000 10.0000
-71.0000 10.0000
-71.0000 8.0000
-73.0000 8.0000
-73.0000 10.0000
END
17 -71.0000 10.0000
-69.0000 10.0000
-69.0000 8.0000
-71.0000 8.0000
-71.0000 10.0000
END
18 -69.0000 10.0000
-67.0000 10.0000
-67.0000 8.0000
-69.0000 8.0000
-69.0000 10.0000
END
19 -67.0000 10.0000
-65.0000 10.0000
-65.0000 8.0000
-67.0000 8.0000
-67.0000 10.0000
END
20 -65.0000 10.0000
-63.0000 10.0000
-63.0000 8.0000
-65.0000 8.0000
-65.0000 10.0000
END
21 -63.0000 10.0000
-61.0000 10.0000
-61.0000 8.0000
-63.0000 8.0000
-63.0000 10.0000
END
22 -61.0000 10.0000
-59.0000 10.0000
-59.0000 8.0000
-61.0000 8.0000
-61.0000 10.0000
END
23 -59.0000 10.0000
-57.0000 10.0000
-57.0000 8.0000
-59.0000 8.0000
-59.0000 10.0000
END
24 -75.0000 8.0000
-73.0000 8.0000
-73.0000 6.0000
-75.0000 6.0000
-75.0000 8.0000
END
25 -73.0000 8.0000
-71.0000 8.0000
-71.0000 6.0000
-73.0000 6.0000
-73.0000 8.0000
END
26 -71.0000 8.0000
-69.0000 8.0000
-69.0000 6.0000
-71.0000 6.0000
-71.0000 8.0000
END
27 -69.0000 8.0000
-67.0000 8.0000
-67.0000 6.0000
-69.0000 6.0000
-69.0000 8.0000
END
28 -67.0000 8.0000
-65.0000 8.0000
-65.0000 6.0000
-67.0000 6.0000
-67.0000 8.0000
END
29 -65.0000 8.0000
-63.0000 8.0000
-63.0000 6.0000
-65.0000 6.0000
-65.0000 8.0000
END
30 -63.0000 8.0000
-61.0000 8.0000
-61.0000 6.0000
-63.0000 6.0000
-63.0000 8.0000
END
31 -61.0000 8.0000
-59.0000 8.0000
-59.0000 6.0000
-61.0000 6.0000
-61.0000 8.0000
END
32 -59.0000 8.0000
-57.0000 8.0000
-57.0000 6.0000
-59.0000 6.0000
-59.0000 8.0000
END
33 -57.0000 8.0000
-55.0000 8.0000
-55.0000 6.0000
-57.0000 6.0000
-57.0000 8.0000
END
34 -55.0000 8.0000
-53.0000 8.0000
-53.0000 6.0000
-55.0000 6.0000
-55.0000 8.0000
END
35 -53.0000 8.0000
-51.0000 8.0000
-51.0000 6.0000
-53.0000 6.0000
-53.0000 8.0000
END
36 -75.0000 6.0000
-73.0000 6.0000
-73.0000 4.0000
-75.0000 4.0000
-75.0000 6.0000
END
37 -73.0000 6.0000
-71.0000 6.0000
-71.0000 4.0000
-73.0000 4.0000
-73.0000 6.0000
END
38 -71.0000 6.0000
-69.0000 6.0000
-69.0000 4.0000
-71.0000 4.0000
-71.0000 6.0000
END
39 -69.0000 6.0000
-67.0000 6.0000
-67.0000 4.0000
-69.0000 4.0000
-69.0000 6.0000
END
40 -67.0000 6.0000
-65.0000 6.0000
-65.0000 4.0000
-67.0000 4.0000
-67.0000 6.0000
END
41 -65.0000 6.0000
-63.0000 6.0000
-63.0000 4.0000
-65.0000 4.0000
-65.0000 6.0000
END
42 -63.0000 6.0000
-61.0000 6.0000
-61.0000 4.0000
-63.0000 4.0000
-63.0000 6.0000
END
43 -61.0000 6.0000
-59.0000 6.0000
-59.0000 4.0000
-61.0000 4.0000
-61.0000 6.0000
END
44 -59.0000 6.0000
-57.0000 6.0000
-57.0000 4.0000
-59.0000 4.0000
-59.0000 6.0000
END
45 -57.0000 6.0000
-55.0000 6.0000
-55.0000 4.0000
-57.0000 4.0000
-57.0000 6.0000
END
46 -55.0000 6.0000
-53.0000 6.0000
-53.0000 4.0000
-55.0000 4.0000
-55.0000 6.0000
END
47 -53.0000 6.0000
-51.0000 6.0000
-51.0000 4.0000
-53.0000 4.0000
-53.0000 6.0000
END
48 -75.0000 4.0000
-73.0000 4.0000
-73.0000 2.0000
-75.0000 2.0000
-75.0000 4.0000
END
49 -73.0000 4.0000
-71.0000 4.0000
-71.0000 2.0000
-73.0000 2.0000
-73.0000 4.0000
END
50 -71.0000 4.0000
-69.0000 4.0000
-69.0000 2.0000
-71.0000 2.0000
-71.0000 4.0000
END
51 -69.0000 4.0000
-67.0000 4.0000
-67.0000 2.0000
-69.0000 2.0000
-69.0000 4.0000
END
52 -67.0000 4.0000
-65.0000 4.0000
-65.0000 2.0000
-67.0000 2.0000
-67.0000 4.0000
END
53 -65.0000 4.0000
-63.0000 4.0000
-63.0000 2.0000
-65.0000 2.0000
-65.0000 4.0000
END
54 -63.0000 4.0000
-61.0000 4.0000
-61.0000 2.0000
-63.0000 2.0000
-63.0000 4.0000
END
55 -61.0000 4.0000
-59.0000 4.0000
-59.0000 2.0000
-61.0000 2.0000
-61.0000 4.0000
END
56 -59.0000 4.0000
-57.0000 4.0000
-57.0000 2.0000
-59.0000 2.0000
-59.0000 4.0000
END
57 -57.0000 4.0000
-55.0000 4.0000
-55.0000 2.0000
-57.0000 2.0000
-57.0000 4.0000
END
58 -55.0000 4.0000
-53.0000 4.0000
-53.0000 2.0000
-55.0000 2.0000
-55.0000 4.0000
END
59 -53.0000 4.0000
-51.0000 4.0000
-51.0000 2.0000
-53.0000 2.0000
-53.0000 4.0000
END
60 -51.0000 4.0000
-49.0000 4.0000
-49.0000 2.0000
-51.0000 2.0000
-51.0000 4.0000
END
61 -75.0000 2.0000
-73.0000 2.0000
-73.0000 0.0000
-75.0000 0.0000
-75.0000 2.0000
END
62 -73.0000 2.0000
-71.0000 2.0000
-71.0000 0.0000
-73.0000 0.0000
-73.0000 2.0000
END
63 -71.0000 2.0000
-69.0000 2.0000
-69.0000 0.0000
-71.0000 0.0000
-71.0000 2.0000
END
64 -69.0000 2.0000
-67.0000 2.0000
-67.0000 0.0000
-69.0000 0.0000
-69.0000 2.0000
END
65 -67.0000 2.0000
-65.0000 2.0000
-65.0000 0.0000
-67.0000 0.0000
-67.0000 2.0000
END
66 -65.0000 2.0000
-63.0000 2.0000
-63.0000 0.0000
-65.0000 0.0000
-65.0000 2.0000
END
67 -63.0000 2.0000
-61.0000 2.0000
-61.0000 0.0000
-63.0000 0.0000
-63.0000 2.0000
END
68 -61.0000 2.0000
-59.0000 2.0000
-59.0000 0.0000
-61.0000 0.0000
-61.0000 2.0000
END
69 -59.0000 2.0000
-57.0000 2.0000
-57.0000 0.0000
-59.0000 0.0000
-59.0000 2.0000
END
70 -57.0000 2.0000
-55.0000 2.0000
-55.0000 0.0000
-57.0000 0.0000
-57.0000 2.0000
END
71 -55.0000 2.0000
-53.0000 2.0000
-53.0000 0.0000
-55.0000 0.0000
-55.0000 2.0000
END
72 -53.0000 2.0000
-51.0000 2.0000
-51.0000 0.0000
-53.0000 0.0000
-53.0000 2.0000
END
73 -51.0000 2.0000
-49.0000 2.0000
-49.0000 0.0000
-51.0000 0.0000
-51.0000 2.0000
END
74 -49.0000 2.0000
-47.0000 2.0000
-47.0000 0.0000
-49.0000 0.0000
-49.0000 2.0000
END
75 -77.0000 0.0000
-75.0000 0.0000
-75.0000 -2.0000
-77.0000 -2.0000
-77.0000 0.0000
END
76 -75.0000 0.0000
-73.0000 0.0000
-73.0000 -2.0000
-75.0000 -2.0000
-75.0000 0.0000
END
77 -73.0000 0.0000
-71.0000 0.0000
-71.0000 -2.0000
-73.0000 -2.0000
-73.0000 0.0000
END
78 -71.0000 0.0000
-69.0000 0.0000
-69.0000 -2.0000
-71.0000 -2.0000
-71.0000 0.0000
END
79 -69.0000 0.0000
-67.0000 0.0000
-67.0000 -2.0000
-69.0000 -2.0000
-69.0000 0.0000
END
80 -67.0000 0.0000
-65.0000 0.0000
-65.0000 -2.0000
-67.0000 -2.0000
-67.0000 0.0000
END
81 -65.0000 0.0000
-63.0000 0.0000
-63.0000 -2.0000
-65.0000 -2.0000
-65.0000 0.0000
END
82 -63.0000 0.0000
-61.0000 0.0000
-61.0000 -2.0000
-63.0000 -2.0000
-63.0000 0.0000
END
83 -61.0000 0.0000
-59.0000 0.0000
-59.0000 -2.0000
-61.0000 -2.0000
-61.0000 0.0000
END
84 -59.0000 0.0000
-57.0000 0.0000
-57.0000 -2.0000
-59.0000 -2.0000
-59.0000 0.0000
END
85 -57.0000 0.0000
-55.0000 0.0000
-55.0000 -2.0000
-57.0000 -2.0000
-57.0000 0.0000
END
86 -55.0000 0.0000
-53.0000 0.0000
-53.0000 -2.0000
-55.0000 -2.0000
-55.0000 0.0000
END
87 -53.0000 0.0000
-51.0000 0.0000
-51.0000 -2.0000
-53.0000 -2.0000
-53.0000 0.0000
END
88 -51.0000 0.0000
-49.0000 0.0000
-49.0000 -2.0000
-51.0000 -2.0000
-51.0000 0.0000
END
89 -49.0000 0.0000
-47.0000 0.0000
-47.0000 -2.0000
-49.0000 -2.0000
-49.0000 0.0000
END
90 -47.0000 0.0000
-45.0000 0.0000
-45.0000 -2.0000
-47.0000 -2.0000
-47.0000 0.0000
END
91 -77.0000 -2.0000
-75.0000 -2.0000
-75.0000 -4.0000
-77.0000 -4.0000
-77.0000 -2.0000
END
92 -75.0000 -2.0000
-73.0000 -2.0000
-73.0000 -4.0000
-75.0000 -4.0000
-75.0000 -2.0000
END
93 -73.0000 -2.0000
-71.0000 -2.0000
-71.0000 -4.0000
-73.0000 -4.0000
-73.0000 -2.0000
END
94 -71.0000 -2.0000
-69.0000 -2.0000
-69.0000 -4.0000
-71.0000 -4.0000
-71.0000 -2.0000
END
95 -69.0000 -2.0000
-67.0000 -2.0000
-67.0000 -4.0000
-69.0000 -4.0000
-69.0000 -2.0000
END
96 -67.0000 -2.0000
-65.0000 -2.0000
-65.0000 -4.0000
-67.0000 -4.0000
-67.0000 -2.0000
END
97 -65.0000 -2.0000
-63.0000 -2.0000
-63.0000 -4.0000
-65.0000 -4.0000
-65.0000 -2.0000
END
98 -63.0000 -2.0000
-61.0000 -2.0000
-61.0000 -4.0000
-63.0000 -4.0000
-63.0000 -2.0000
END
99 -61.0000 -2.0000
-59.0000 -2.0000
-59.0000 -4.0000
-61.0000 -4.0000
-61.0000 -2.0000
END
100 -59.0000 -2.0000
-57.0000 -2.0000
-57.0000 -4.0000
-59.0000 -4.0000
-59.0000 -2.0000
END
101 -57.0000 -2.0000
-55.0000 -2.0000
-55.0000 -4.0000
-57.0000 -4.0000
-57.0000 -2.0000
END
102 -55.0000 -2.0000
-53.0000 -2.0000
-53.0000 -4.0000
-55.0000 -4.0000
-55.0000 -2.0000
END
103 -53.0000 -2.0000
-51.0000 -2.0000
-51.0000 -4.0000
-53.0000 -4.0000
-53.0000 -2.0000
END
104 -51.0000 -2.0000
-49.0000 -2.0000
-49.0000 -4.0000
-51.0000 -4.0000
-51.0000 -2.0000
END
105 -49.0000 -2.0000
-47.0000 -2.0000
-47.0000 -4.0000
-49.0000 -4.0000
-49.0000 -2.0000
END
106 -47.0000 -2.0000
-45.0000 -2.0000
-45.0000 -4.0000
-47.0000 -4.0000
-47.0000 -2.0000
END
107 -77.0000 -4.0000
-75.0000 -4.0000
-75.0000 -6.0000
-77.0000 -6.0000
-77.0000 -4.0000
END
108 -75.0000 -4.0000
-73.0000 -4.0000
-73.0000 -6.0000
-75.0000 -6.0000
-75.0000 -4.0000
END
109 -73.0000 -4.0000
-71.0000 -4.0000
-71.0000 -6.0000
-73.0000 -6.0000
-73.0000 -4.0000
END
110 -71.0000 -4.0000
-69.0000 -4.0000
-69.0000 -6.0000
-71.0000 -6.0000
-71.0000 -4.0000
END
111 -69.0000 -4.0000
-67.0000 -4.0000
-67.0000 -6.0000
-69.0000 -6.0000
-69.0000 -4.0000
END
112 -67.0000 -4.0000
-65.0000 -4.0000
-65.0000 -6.0000
-67.0000 -6.0000
-67.0000 -4.0000
END
113 -65.0000 -4.0000
-63.0000 -4.0000
-63.0000 -6.0000
-65.0000 -6.0000
-65.0000 -4.0000
END
114 -63.0000 -4.0000
-61.0000 -4.0000
-61.0000 -6.0000
-63.0000 -6.0000
-63.0000 -4.0000
END
115 -61.0000 -4.0000
-59.0000 -4.0000
-59.0000 -6.0000
-61.0000 -6.0000
-61.0000 -4.0000
END
116 -59.0000 -4.0000
-57.0000 -4.0000
-57.0000 -6.0000
-59.0000 -6.0000
-59.0000 -4.0000
END
117 -57.0000 -4.0000
-55.0000 -4.0000
-55.0000 -6.0000
-57.0000 -6.0000
-57.0000 -4.0000
END
118 -55.0000 -4.0000
-53.0000 -4.0000
-53.0000 -6.0000
-55.0000 -6.0000
-55.0000 -4.0000
END
119 -53.0000 -4.0000
-51.0000 -4.0000
-51.0000 -6.0000
-53.0000 -6.0000
-53.0000 -4.0000
END
120 -51.0000 -4.0000
-49.0000 -4.0000
-49.0000 -6.0000
-51.0000 -6.0000
-51.0000 -4.0000
END
121 -79.0000 -6.0000
-77.0000 -6.0000
-77.0000 -8.0000
-79.0000 -8.0000
-79.0000 -6.0000
END
122 -77.0000 -6.0000
-75.0000 -6.0000
-75.0000 -8.0000
-77.0000 -8.0000
-77.0000 -6.0000
END
123 -75.0000 -6.0000
-73.0000 -6.0000
-73.0000 -8.0000
-75.0000 -8.0000
-75.0000 -6.0000
END
124 -73.0000 -6.0000
-71.0000 -6.0000
-71.0000 -8.0000
-73.0000 -8.0000
-73.0000 -6.0000
END
125 -71.0000 -6.0000
-69.0000 -6.0000
-69.0000 -8.0000
-71.0000 -8.0000
-71.0000 -6.0000
END
126 -69.0000 -6.0000
-67.0000 -6.0000
-67.0000 -8.0000
-69.0000 -8.0000
-69.0000 -6.0000
END
127 -67.0000 -6.0000
-65.0000 -6.0000
-65.0000 -8.0000
-67.0000 -8.0000
-67.0000 -6.0000
END
128 -65.0000 -6.0000
-63.0000 -6.0000
-63.0000 -8.0000
-65.0000 -8.0000
-65.0000 -6.0000
END
129 -63.0000 -6.0000
-61.0000 -6.0000
-61.0000 -8.0000
-63.0000 -8.0000
-63.0000 -6.0000
END
130 -61.0000 -6.0000
-59.0000 -6.0000
-59.0000 -8.0000
-61.0000 -8.0000
-61.0000 -6.0000
END
131 -59.0000 -6.0000
-57.0000 -6.0000
-57.0000 -8.0000
-59.0000 -8.0000
-59.0000 -6.0000
END
132 -57.0000 -6.0000
-55.0000 -6.0000
-55.0000 -8.0000
-57.0000 -8.0000
-57.0000 -6.0000
END
133 -55.0000 -6.0000
-53.0000 -6.0000
-53.0000 -8.0000
-55.0000 -8.0000
-55.0000 -6.0000
END
134 -53.0000 -6.0000
-51.0000 -6.0000
-51.0000 -8.0000
-53.0000 -8.0000
-53.0000 -6.0000
END
135 -77.0000 -8.0000
-75.0000 -8.0000
-75.0000 -10.0000
-77.0000 -10.0000
-77.0000 -8.0000
END
136 -75.0000 -8.0000
-73.0000 -8.0000
-73.0000 -10.0000
-75.0000 -10.0000
-75.0000 -8.0000
END
137 -73.0000 -8.0000
-71.0000 -8.0000
-71.0000 -10.0000
-73.0000 -10.0000
-73.0000 -8.0000
END
138 -71.0000 -8.0000
-69.0000 -8.0000
-69.0000 -10.0000
-71.0000 -10.0000
-71.0000 -8.0000
END
139 -69.0000 -8.0000
-67.0000 -8.0000
-67.0000 -10.0000
-69.0000 -10.0000
-69.0000 -8.0000
END
140 -67.0000 -8.0000
-65.0000 -8.0000
-65.0000 -10.0000
-67.0000 -10.0000
-67.0000 -8.0000
END
141 -65.0000 -8.0000
-63.0000 -8.0000
-63.0000 -10.0000
-65.0000 -10.0000
-65.0000 -8.0000
END
142 -63.0000 -8.0000
-61.0000 -8.0000
-61.0000 -10.0000
-63.0000 -10.0000
-63.0000 -8.0000
END
143 -61.0000 -8.0000
-59.0000 -8.0000
-59.0000 -10.0000
-61.0000 -10.0000
-61.0000 -8.0000
END
144 -59.0000 -8.0000
-57.0000 -8.0000
-57.0000 -10.0000
-59.0000 -10.0000
-59.0000 -8.0000
END
145 -57.0000 -8.0000
-55.0000 -8.0000
-55.0000 -10.0000
-57.0000 -10.0000
-57.0000 -8.0000
END
146 -55.0000 -8.0000
-53.0000 -8.0000
-53.0000 -10.0000
-55.0000 -10.0000
-55.0000 -8.0000
END
147 -73.0000 -10.0000
-71.0000 -10.0000
-71.0000 -12.0000
-73.0000 -12.0000
-73.0000 -10.0000
END
148 -71.0000 -10.0000
-69.0000 -10.0000
-69.0000 -12.0000
-71.0000 -12.0000
-71.0000 -10.0000
END
149 -69.0000 -10.0000
-67.0000 -10.0000
-67.0000 -12.0000
-69.0000 -12.0000
-69.0000 -10.0000
END
150 -67.0000 -10.0000
-65.0000 -10.0000
-65.0000 -12.0000
-67.0000 -12.0000
-67.0000 -10.0000
END
151 -65.0000 -10.0000
-63.0000 -10.0000
-63.0000 -12.0000
-65.0000 -12.0000
-65.0000 -10.0000
END
152 -63.0000 -10.0000
-61.0000 -10.0000
-61.0000 -12.0000
-63.0000 -12.0000
-63.0000 -10.0000
END
153 -61.0000 -10.0000
-59.0000 -10.0000
-59.0000 -12.0000
-61.0000 -12.0000
-61.0000 -10.0000
END
154 -59.0000 -10.0000
-57.0000 -10.0000
-57.0000 -12.0000
-59.0000 -12.0000
-59.0000 -10.0000
END
155 -73.0000 -12.0000
-71.0000 -12.0000
-71.0000 -14.0000
-73.0000 -14.0000
-73.0000 -12.0000
END
156 -71.0000 -12.0000
-69.0000 -12.0000
-69.0000 -14.0000
-71.0000 -14.0000
-71.0000 -12.0000
END
157 -69.0000 -12.0000
-67.0000 -12.0000
-67.0000 -14.0000
-69.0000 -14.0000
-69.0000 -12.0000
END
158 -67.0000 -12.0000
-65.0000 -12.0000
-65.0000 -14.0000
-67.0000 -14.0000
-67.0000 -12.0000
END
159 -65.0000 -12.0000
-63.0000 -12.0000
-63.0000 -14.0000
-65.0000 -14.0000
-65.0000 -12.0000
END
160 -63.0000 -12.0000
-61.0000 -12.0000
-61.0000 -14.0000
-63.0000 -14.0000
-63.0000 -12.0000
END
161 -61.0000 -12.0000
-59.0000 -12.0000
-59.0000 -14.0000
-61.0000 -14.0000
-61.0000 -12.0000
END
162 -71.0000 -14.0000
-69.0000 -14.0000
-69.0000 -16.0000
-71.0000 -16.0000
-71.0000 -14.0000
END
163 -69.0000 -14.0000
-67.0000 -14.0000
-67.0000 -16.0000
-69.0000 -16.0000
-69.0000 -14.0000
END
164 -67.0000 -14.0000
-65.0000 -14.0000
-65.0000 -16.0000
-67.0000 -16.0000
-67.0000 -14.0000
END
165 -65.0000 -14.0000
-63.0000 -14.0000
-63.0000 -16.0000
-65.0000 -16.0000
-65.0000 -14.0000
END
166 -63.0000 -14.0000
-61.0000 -14.0000
-61.0000 -16.0000
-63.0000 -16.0000
-63.0000 -14.0000
END
167 -65.0000 -16.0000
-63.0000 -16.0000
-63.0000 -18.0000
-65.0000 -18.0000
-65.0000 -16.0000
END
