1 -79.0000 2.0000
-77.0000 2.0000
-77.0000 0.0000
-79.0000 0.0000
-79.0000 2.0000
END
2 -77.0000 2.0000
-75.0000 2.0000
-75.0000 0.0000
-77.0000 0.0000
-77.0000 2.0000
END
3 -75.0000 2.0000
-73.0000 2.0000
-73.0000 0.0000
-75.0000 0.0000
-75.0000 2.0000
END
4 -79.0000 0.0000
-77.0000 0.0000
-77.0000 -2.0000
-79.0000 -2.0000
-79.0000 0.0000
END
5 -77.0000 0.0000
-75.0000 0.0000
-75.0000 -2.0000
-77.0000 -2.0000
-77.0000 0.0000
END
6 -75.0000 0.0000
-73.0000 0.0000
-73.0000 -2.0000
-75.0000 -2.0000
-75.0000 0.0000
END
7 -79.0000 -2.0000
-77.0000 -2.0000
-77.0000 -4.0000
-79.0000 -4.0000
-79.0000 -2.0000
END
8 -77.0000 -2.0000
-75.0000 -2.0000
-75.0000 -4.0000
-77.0000 -4.0000
-77.0000 -2.0000
END
9 -75.0000 -2.0000
-73.0000 -2.0000
-73.0000 -4.0000
-75.0000 -4.0000
-75.0000 -2.0000
END
10 -73.0000 -2.0000
-71.0000 -2.0000
-71.0000 -4.0000
-73.0000 -4.0000
-73.0000 -2.0000
END
11 -79.0000 -4.0000
-77.0000 -4.0000
-77.0000 -6.0000
-79.0000 -6.0000
-79.0000 -4.0000
END
12 -77.0000 -4.0000
-75.0000 -4.0000
-75.0000 -6.0000
-77.0000 -6.0000
-77.0000 -4.0000
END
13 -75.0000 -4.0000
-73.0000 -4.0000
-73.0000 -6.0000
-75.0000 -6.0000
-75.0000 -4.0000
END
14 -73.0000 -4.0000
-71.0000 -4.0000
-71.0000 -6.0000
-73.0000 -6.0000
-73.0000 -4.0000
END
15 -71.0000 -4.0000
-69.0000 -4.0000
-69.0000 -6.0000
-71.0000 -6.0000
-71.0000 -4.0000
END
16 -79.0000 -6.0000
-77.0000 -6.0000
-77.0000 -8.0000
-79.0000 -8.0000
-79.0000 -6.0000
END
17 -77.0000 -6.0000
-75.0000 -6.0000
-75.0000 -8.0000
-77.0000 -8.0000
-77.0000 -6.0000
END
18 -75.0000 -6.0000
-73.0000 -6.0000
-73.0000 -8.0000
-75.0000 -8.0000
-75.0000 -6.0000
END
19 -73.0000 -6.0000
-71.0000 -6.0000
-71.0000 -8.0000
-73.0000 -8.0000
-73.0000 -6.0000
END
20 -71.0000 -6.0000
-69.0000 -6.0000
-69.0000 -8.0000
-71.0000 -8.0000
-71.0000 -6.0000
END
21 -69.0000 -6.0000
-67.0000 -6.0000
-67.0000 -8.0000
-69.0000 -8.0000
-69.0000 -6.0000
END
22 -79.0000 -8.0000
-77.0000 -8.0000
-77.0000 -10.0000
-79.0000 -10.0000
-79.0000 -8.0000
END
23 -77.0000 -8.0000
-75.0000 -8.0000
-75.0000 -10.0000
-77.0000 -10.0000
-77.0000 -8.0000
END
24 -75.0000 -8.0000
-73.0000 -8.0000
-73.0000 -10.0000
-75.0000 -10.0000
-75.0000 -8.0000
END
25 -73.0000 -8.0000
-71.0000 -8.0000
-71.0000 -10.0000
-73.0000 -10.0000
-73.0000 -8.0000
END
26 -71.0000 -8.0000
-69.0000 -8.0000
-69.0000 -10.0000
-71.0000 -10.0000
-71.0000 -8.0000
END
27 -69.0000 -8.0000
-67.0000 -8.0000
-67.0000 -10.0000
-69.0000 -10.0000
-69.0000 -8.0000
END
28 -67.0000 -8.0000
-65.0000 -8.0000
-65.0000 -10.0000
-67.0000 -10.0000
-67.0000 -8.0000
END
29 -77.0000 -10.0000
-75.0000 -10.0000
-75.0000 -12.0000
-77.0000 -12.0000
-77.0000 -10.0000
END
30 -75.0000 -10.0000
-73.0000 -10.0000
-73.0000 -12.0000
-75.0000 -12.0000
-75.0000 -10.0000
END
31 -73.0000 -10.0000
-71.0000 -10.0000
-71.0000 -12.0000
-73.0000 -12.0000
-73.0000 -10.0000
END
32 -71.0000 -10.0000
-69.0000 -10.0000
-69.0000 -12.0000
-71.0000 -12.0000
-71.0000 -10.0000
END
33 -69.0000 -10.0000
-67.0000 -10.0000
-67.0000 -12.0000
-69.0000 -12.0000
-69.0000 -10.0000
END
34 -67.0000 -10.0000
-65.0000 -10.0000
-65.0000 -12.0000
-67.0000 -12.0000
-67.0000 -10.0000
END
35 -65.0000 -10.0000
-63.0000 -10.0000
-63.0000 -12.0000
-65.0000 -12.0000
-65.0000 -10.0000
END
36 -75.0000 -12.0000
-73.0000 -12.0000
-73.0000 -14.0000
-75.0000 -14.0000
-75.0000 -12.0000
END
37 -73.0000 -12.0000
-71.0000 -12.0000
-71.0000 -14.0000
-73.0000 -14.0000
-73.0000 -12.0000
END
38 -71.0000 -12.0000
-69.0000 -12.0000
-69.0000 -14.0000
-71.0000 -14.0000
-71.0000 -12.0000
END
39 -69.0000 -12.0000
-67.0000 -12.0000
-67.0000 -14.0000
-69.0000 -14.0000
-69.0000 -12.0000
END
40 -67.0000 -12.0000
-65.0000 -12.0000
-65.0000 -14.0000
-67.0000 -14.0000
-67.0000 -12.0000
END
41 -65.0000 -12.0000
-63.0000 -12.0000
-63.0000 -14.0000
-65.0000 -14.0000
-65.0000 -12.0000
END
42 -63.0000 -12.0000
-61.0000 -12.0000
-61.0000 -14.0000
-63.0000 -14.0000
-63.0000 -12.0000
END
43 -73.0000 -14.0000
-71.0000 -14.0000
-71.0000 -16.0000
-73.0000 -16.0000
-73.0000 -14.0000
END
44 -71.0000 -14.0000
-69.0000 -14.0000
-69.0000 -16.0000
-71.0000 -16.0000
-71.0000 -14.0000
END
45 -69.0000 -14.0000
-67.0000 -14.0000
-67.0000 -16.0000
-69.0000 -16.0000
-69.0000 -14.0000
END
46 -67.0000 -14.0000
-65.0000 -14.0000
-65.0000 -16.0000
-67.0000 -16.0000
-67.0000 -14.0000
END
47 -65.0000 -14.0000
-63.0000 -14.0000
-63.0000 -16.0000
-65.0000 -16.0000
-65.0000 -14.0000
END
48 -63.0000 -14.0000
-61.0000 -14.0000
-61.0000 -16.0000
-63.0000 -16.0000
-63.0000 -14.0000
END
49 -61.0000 -14.0000
-59.0000 -14.0000
-59.0000 -16.0000
-61.0000 -16.0000
-61.0000 -14.0000
END
50 -69.0000 -16.0000
-67.0000 -16.0000
-67.0000 -18.0000
-69.0000 -18.0000
-69.0000 -16.0000
END
51 -67.0000 -16.0000
-65.0000 -16.0000
-65.0000 -18.0000
-67.0000 -18.0000
-67.0000 -16.0000
END
52 -65.0000 -16.0000
-63.0000 -16.0000
-63.0000 -18.0000
-65.0000 -18.0000
-65.0000 -16.0000
END
53 -63.0000 -16.0000
-61.0000 -16.0000
-61.0000 -18.0000
-63.0000 -18.0000
-63.0000 -16.0000
END
54 -61.0000 -16.0000
-59.0000 -16.0000
-59.0000 -18.0000
-61.0000 -18.0000
-61.0000 -16.0000
END
55 -67.0000 -18.0000
-65.0000 -18.0000
-65.0000 -20.0000
-67.0000 -20.0000
-67.0000 -18.0000
END
56 -65.0000 -18.0000
-63.0000 -18.0000
-63.0000 -20.0000
-65.0000 -20.0000
-65.0000 -18.0000
END
57 -63.0000 -18.0000
-61.0000 -18.0000
-61.0000 -20.0000
-63.0000 -20.0000
-63.0000 -18.0000
END
