1 -77.0000 4.0000
-75.0000 4.0000
-75.0000 2.0000
-77.0000 2.0000
-77.0000 4.0000
END
2 -75.0000 4.0000
-73.0000 4.0000
-73.0000 2.0000
-75.0000 2.0000
-75.0000 4.0000
END
3 -79.0000 2.0000
-77.0000 2.0000
-77.0000 0.0000
-79.0000 0.0000
-79.0000 2.0000
END
4 -77.0000 2.0000
-75.0000 2.0000
-75.0000 0.0000
-77.0000 0.0000
-77.0000 2.0000
END
5 -75.0000 2.0000
-73.0000 2.0000
-73.0000 0.0000
-75.0000 0.0000
-75.0000 2.0000
END
6 -79.0000 0.0000
-77.0000 0.0000
-77.0000 -2.0000
-79.0000 -2.0000
-79.0000 0.0000
END
7 -77.0000 0.0000
-75.0000 0.0000
-75.0000 -2.0000
-77.0000 -2.0000
-77.0000 0.0000
END
8 -75.0000 0.0000
-73.0000 0.0000
-73.0000 -2.0000
-75.0000 -2.0000
-75.0000 0.0000
END
9 -73.0000 0.0000
-71.0000 0.0000
-71.0000 -2.0000
-73.0000 -2.0000
-73.0000 0.0000
END
10 -79.0000 -2.0000
-77.0000 -2.0000
-77.0000 -4.0000
-79.0000 -4.0000
-79.0000 -2.0000
END
11 -77.0000 -2.0000
-75.0000 -2.0000
-75.0000 -4.0000
-77.0000 -4.0000
-77.0000 -2.0000
END
12 -75.0000 -2.0000
-73.0000 -2.0000
-73.0000 -4.0000
-75.0000 -4.0000
-75.0000 -2.0000
END
13 -73.0000 -2.0000
-71.0000 -2.0000
-71.0000 -4.0000
-73.0000 -4.0000
-73.0000 -2.0000
END
14 -71.0000 -2.0000
-69.0000 -2.0000
-69.0000 -4.0000
-71.0000 -4.0000
-71.0000 -2.0000
END
15 -79.0000 -4.0000
-77.0000 -4.0000
-77.0000 -6.0000
-79.0000 -6.0000
-79.0000 -4.0000
END
16 -77.0000 -4.0000
-75.0000 -4.0000
-75.0000 -6.0000
-77.0000 -6.0000
-77.0000 -4.0000
END
17 -75.0000 -4.0000
-73.0000 -4.0000
-73.0000 -6.0000
-75.0000 -6.0000
-75.0000 -4.0000
END
18 -73.0000 -4.0000
-71.0000 -4.0000
-71.0000 -6.0000
-73.0000 -6.0000
-73.0000 -4.0000
END
19 -71.0000 -4.0000
-69.0000 -4.0000
-69.0000 -6.0000
-71.0000 -6.0000
-71.0000 -4.0000
END
20 -79.0000 -6.0000
-77.0000 -6.0000
-77.0000 -8.0000
-79.0000 -8.0000
-79.0000 -6.0000
END
21 -77.0000 -6.0000
-75.0000 -6.0000
-75.0000 -8.0000
-77.0000 -8.0000
-77.0000 -6.0000
END
22 -75.0000 -6.0000
-73.0000 -6.0000
-73.0000 -8.0000
-75.0000 -8.0000
-75.0000 -6.0000
END
23 -73.0000 -6.0000
-71.0000 -6.0000
-71.0000 -8.0000
-73.0000 -8.0000
-73.0000 -6.0000
END
24 -71.0000 -6.0000
-69.0000 -6.0000
-69.0000 -8.0000
-71.0000 -8.0000
-71.0000 -6.0000
END
25 -79.0000 -8.0000
-77.0000 -8.0000
-77.0000 -10.0000
-79.0000 -10.0000
-79.0000 -8.0000
END
26 -77.0000 -8.0000
-75.0000 -8.0000
-75.0000 -10.0000
-77.0000 -10.0000
-77.0000 -8.0000
END
27 -75.0000 -8.0000
-73.0000 -8.0000
-73.0000 -10.0000
-75.0000 -10.0000
-75.0000 -8.0000
END
28 -73.0000 -8.0000
-71.0000 -8.0000
-71.0000 -10.0000
-73.0000 -10.0000
-73.0000 -8.0000
END
29 -71.0000 -8.0000
-69.0000 -8.0000
-69.0000 -10.0000
-71.0000 -10.0000
-71.0000 -8.0000
END
30 -69.0000 -8.0000
-67.0000 -8.0000
-67.0000 -10.0000
-69.0000 -10.0000
-69.0000 -8.0000
END
31 -77.0000 -10.0000
-75.0000 -10.0000
-75.0000 -12.0000
-77.0000 -12.0000
-77.0000 -10.0000
END
32 -75.0000 -10.0000
-73.0000 -10.0000
-73.0000 -12.0000
-75.0000 -12.0000
-75.0000 -10.0000
END
33 -73.0000 -10.0000
-71.0000 -10.0000
-71.0000 -12.0000
-73.0000 -12.0000
-73.0000 -10.0000
END
34 -71.0000 -10.0000
-69.0000 -10.0000
-69.0000 -12.0000
-71.0000 -12.0000
-71.0000 -10.0000
END
35 -69.0000 -10.0000
-67.0000 -10.0000
-67.0000 -12.0000
-69.0000 -12.0000
-69.0000 -10.0000
END
36 -67.0000 -10.0000
-65.0000 -10.0000
-65.0000 -12.0000
-67.0000 -12.0000
-67.0000 -10.0000
END
37 -75.0000 -12.0000
-73.0000 -12.0000
-73.0000 -14.0000
-75.0000 -14.0000
-75.0000 -12.0000
END
38 -73.0000 -12.0000
-71.0000 -12.0000
-71.0000 -14.0000
-73.0000 -14.0000
-73.0000 -12.0000
END
39 -71.0000 -12.0000
-69.0000 -12.0000
-69.0000 -14.0000
-71.0000 -14.0000
-71.0000 -12.0000
END
40 -69.0000 -12.0000
-67.0000 -12.0000
-67.0000 -14.0000
-69.0000 -14.0000
-69.0000 -12.0000
END
41 -67.0000 -12.0000
-65.0000 -12.0000
-65.0000 -14.0000
-67.0000 -14.0000
-67.0000 -12.0000
END
42 -71.0000 -14.0000
-69.0000 -14.0000
-69.0000 -16.0000
-71.0000 -16.0000
-71.0000 -14.0000
END
43 -69.0000 -14.0000
-67.0000 -14.0000
-67.0000 -16.0000
-69.0000 -16.0000
-69.0000 -14.0000
END
44 -67.0000 -14.0000
-65.0000 -14.0000
-65.0000 -16.0000
-67.0000 -16.0000
-67.0000 -14.0000
END
