1 -57.0000 2.0000
-55.0000 2.0000
-55.0000 0.0000
-57.0000 0.0000
-57.0000 2.0000
END
2 -55.0000 2.0000
-53.0000 2.0000
-53.0000 0.0000
-55.0000 0.0000
-55.0000 2.0000
END
3 -59.0000 0.0000
-57.0000 0.0000
-57.0000 -2.0000
-59.0000 -2.0000
-59.0000 0.0000
END
4 -51.0000 0.0000
-49.0000 0.0000
-49.0000 -2.0000
-51.0000 -2.0000
-51.0000 0.0000
END
5 -59.0000 -2.0000
-57.0000 -2.0000
-57.0000 -4.0000
-59.0000 -4.0000
-59.0000 -2.0000
END
6 -59.0000 -4.0000
-57.0000 -4.0000
-57.0000 -6.0000
-59.0000 -6.0000
-59.0000 -4.0000
END
7 -55.0000 -6.0000
-53.0000 -6.0000
-53.0000 -8.0000
-55.0000 -8.0000
-55.0000 -6.0000
END
8 -53.0000 -6.0000
-51.0000 -6.0000
-51.0000 -8.0000
-53.0000 -8.0000
-53.0000 -6.0000
END
9 -49.0000 0.0000
-47.0000 0.0000
-47.0000 -2.0000
-49.0000 -2.0000
-49.0000 0.0000
END
10 -47.0000 0.0000
-45.0000 0.0000
-45.0000 -2.0000
-47.0000 -2.0000
-47.0000 0.0000
END
11 -47.0000 -2.0000
-45.0000 -2.0000
-45.0000 -4.0000
-47.0000 -4.0000
-47.0000 -2.0000
END
12 -47.0000 -4.0000
-45.0000 -4.0000
-45.0000 -6.0000
-47.0000 -6.0000
-47.0000 -4.0000
END
13 -47.0000 -6.0000
-45.0000 -6.0000
-45.0000 -8.0000
-47.0000 -8.0000
-47.0000 -6.0000
END
14 -57.0000 0.0000
-55.0000 0.0000
-55.0000 -2.0000
-57.0000 -2.0000
-57.0000 0.0000
END
15 -55.0000 0.0000
-53.0000 0.0000
-53.0000 -2.0000
-55.0000 -2.0000
-55.0000 0.0000
END
16 -53.0000 0.0000
-51.0000 0.0000
-51.0000 -2.0000
-53.0000 -2.0000
-53.0000 0.0000
END
17 -57.0000 -2.0000
-55.0000 -2.0000
-55.0000 -4.0000
-57.0000 -4.0000
-57.0000 -2.0000
END
18 -55.0000 -2.0000
-53.0000 -2.0000
-53.0000 -4.0000
-55.0000 -4.0000
-55.0000 -2.0000
END
19 -53.0000 -2.0000
-51.0000 -2.0000
-51.0000 -4.0000
-53.0000 -4.0000
-53.0000 -2.0000
END
20 -51.0000 -2.0000
-49.0000 -2.0000
-49.0000 -4.0000
-51.0000 -4.0000
-51.0000 -2.0000
END
21 -49.0000 -2.0000
-47.0000 -2.0000
-47.0000 -4.0000
-49.0000 -4.0000
-49.0000 -2.0000
END
22 -57.0000 -4.0000
-55.0000 -4.0000
-55.0000 -6.0000
-57.0000 -6.0000
-57.0000 -4.0000
END
23 -55.0000 -4.0000
-53.0000 -4.0000
-53.0000 -6.0000
-55.0000 -6.0000
-55.0000 -4.0000
END
24 -53.0000 -4.0000
-51.0000 -4.0000
-51.0000 -6.0000
-53.0000 -6.0000
-53.0000 -4.0000
END
25 -51.0000 -4.0000
-49.0000 -4.0000
-49.0000 -6.0000
-51.0000 -6.0000
-51.0000 -4.0000
END
26 -49.0000 -4.0000
-47.0000 -4.0000
-47.0000 -6.0000
-49.0000 -6.0000
-49.0000 -4.0000
END
27 -51.0000 -6.0000
-49.0000 -6.0000
-49.0000 -8.0000
-51.0000 -8.0000
-51.0000 -6.0000
END
28 -49.0000 -6.0000
-47.0000 -6.0000
-47.0000 -8.0000
-49.0000 -8.0000
-49.0000 -6.0000
END
