1 -65.0000 8.0000
-63.0000 8.0000
-63.0000 6.0000
-65.0000 6.0000
-65.0000 8.0000
END
2 -69.0000 8.0000
-67.0000 8.0000
-67.0000 6.0000
-69.0000 6.0000
-69.0000 8.0000
END
3 -67.0000 8.0000
-65.0000 8.0000
-65.0000 6.0000
-67.0000 6.0000
-67.0000 8.0000
END
4 -69.0000 6.0000
-67.0000 6.0000
-67.0000 4.0000
-69.0000 4.0000
-69.0000 6.0000
END
5 -67.0000 6.0000
-65.0000 6.0000
-65.0000 4.0000
-67.0000 4.0000
-67.0000 6.0000
END
6 -69.0000 4.0000
-67.0000 4.0000
-67.0000 2.0000
-69.0000 2.0000
-69.0000 4.0000
END
7 -67.0000 4.0000
-65.0000 4.0000
-65.0000 2.0000
-67.0000 2.0000
-67.0000 4.0000
END
8 -69.0000 2.0000
-67.0000 2.0000
-67.0000 0.0000
-69.0000 0.0000
-69.0000 2.0000
END
9 -67.0000 2.0000
-65.0000 2.0000
-65.0000 0.0000
-67.0000 0.0000
-67.0000 2.0000
END
