1 -49.0000 -22.0000
-47.0000 -22.0000
-47.0000 -24.0000
-49.0000 -24.0000
-49.0000 -22.0000
END
2 -47.0000 -22.0000
-45.0000 -22.0000
-45.0000 -24.0000
-47.0000 -24.0000
-47.0000 -22.0000
END
3 -51.0000 -24.0000
-49.0000 -24.0000
-49.0000 -26.0000
-51.0000 -26.0000
-51.0000 -24.0000
END
4 -49.0000 -24.0000
-47.0000 -24.0000
-47.0000 -26.0000
-49.0000 -26.0000
-49.0000 -24.0000
END
5 -47.0000 -24.0000
-45.0000 -24.0000
-45.0000 -26.0000
-47.0000 -26.0000
-47.0000 -24.0000
END
6 -51.0000 -26.0000
-49.0000 -26.0000
-49.0000 -28.0000
-51.0000 -28.0000
-51.0000 -26.0000
END
7 -49.0000 -26.0000
-47.0000 -26.0000
-47.0000 -28.0000
-49.0000 -28.0000
-49.0000 -26.0000
END
8 -51.0000 -28.0000
-49.0000 -28.0000
-49.0000 -30.0000
-51.0000 -30.0000
-51.0000 -28.0000
END
9 -49.0000 -28.0000
-47.0000 -28.0000
-47.0000 -30.0000
-49.0000 -30.0000
-49.0000 -28.0000
END
