1 -49.0000 -6.0000
-47.0000 -6.0000
-47.0000 -8.0000
-49.0000 -8.0000
-49.0000 -6.0000
END
2 -41.0000 -6.0000
-39.0000 -6.0000
-39.0000 -8.0000
-41.0000 -8.0000
-41.0000 -6.0000
END
3 -47.0000 -8.0000
-45.0000 -8.0000
-45.0000 -10.0000
-47.0000 -10.0000
-47.0000 -8.0000
END
4 -45.0000 -8.0000
-43.0000 -8.0000
-43.0000 -10.0000
-45.0000 -10.0000
-45.0000 -8.0000
END
5 -47.0000 -2.0000
-45.0000 -2.0000
-45.0000 -4.0000
-47.0000 -4.0000
-47.0000 -2.0000
END
6 -45.0000 -2.0000
-43.0000 -2.0000
-43.0000 -4.0000
-45.0000 -4.0000
-45.0000 -2.0000
END
7 -43.0000 -2.0000
-41.0000 -2.0000
-41.0000 -4.0000
-43.0000 -4.0000
-43.0000 -2.0000
END
8 -47.0000 -4.0000
-45.0000 -4.0000
-45.0000 -6.0000
-47.0000 -6.0000
-47.0000 -4.0000
END
9 -45.0000 -4.0000
-43.0000 -4.0000
-43.0000 -6.0000
-45.0000 -6.0000
-45.0000 -4.0000
END
10 -43.0000 -4.0000
-41.0000 -4.0000
-41.0000 -6.0000
-43.0000 -6.0000
-43.0000 -4.0000
END
11 -41.0000 -4.0000
-39.0000 -4.0000
-39.0000 -6.0000
-41.0000 -6.0000
-41.0000 -4.0000
END
12 -47.0000 -6.0000
-45.0000 -6.0000
-45.0000 -8.0000
-47.0000 -8.0000
-47.0000 -6.0000
END
13 -45.0000 -6.0000
-43.0000 -6.0000
-43.0000 -8.0000
-45.0000 -8.0000
-45.0000 -6.0000
END
14 -43.0000 -6.0000
-41.0000 -6.0000
-41.0000 -8.0000
-43.0000 -8.0000
-43.0000 -6.0000
END
