1 -45.0000 -8.0000
-43.0000 -8.0000
-43.0000 -10.0000
-45.0000 -10.0000
-45.0000 -8.0000
END
2 -43.0000 -8.0000
-41.0000 -8.0000
-41.0000 -10.0000
-43.0000 -10.0000
-43.0000 -8.0000
END
3 -47.0000 -10.0000
-45.0000 -10.0000
-45.0000 -12.0000
-47.0000 -12.0000
-47.0000 -10.0000
END
4 -45.0000 -10.0000
-43.0000 -10.0000
-43.0000 -12.0000
-45.0000 -12.0000
-45.0000 -10.0000
END
5 -43.0000 -10.0000
-41.0000 -10.0000
-41.0000 -12.0000
-43.0000 -12.0000
-43.0000 -10.0000
END
6 -41.0000 -10.0000
-39.0000 -10.0000
-39.0000 -12.0000
-41.0000 -12.0000
-41.0000 -10.0000
END
7 -45.0000 -12.0000
-43.0000 -12.0000
-43.0000 -14.0000
-45.0000 -14.0000
-45.0000 -12.0000
END
8 -43.0000 -12.0000
-41.0000 -12.0000
-41.0000 -14.0000
-43.0000 -14.0000
-43.0000 -12.0000
END
9 -41.0000 -12.0000
-39.0000 -12.0000
-39.0000 -14.0000
-41.0000 -14.0000
-41.0000 -12.0000
END
10 -47.0000 -14.0000
-45.0000 -14.0000
-45.0000 -16.0000
-47.0000 -16.0000
-47.0000 -14.0000
END
11 -45.0000 -14.0000
-43.0000 -14.0000
-43.0000 -16.0000
-45.0000 -16.0000
-45.0000 -14.0000
END
12 -43.0000 -14.0000
-41.0000 -14.0000
-41.0000 -16.0000
-43.0000 -16.0000
-43.0000 -14.0000
END
13 -41.0000 -14.0000
-39.0000 -14.0000
-39.0000 -16.0000
-41.0000 -16.0000
-41.0000 -14.0000
END
