1 -43.0000 -12.0000
-41.0000 -12.0000
-41.0000 -14.0000
-43.0000 -14.0000
-43.0000 -12.0000
END
2 -41.0000 -12.0000
-39.0000 -12.0000
-39.0000 -14.0000
-41.0000 -14.0000
-41.0000 -12.0000
END
3 -39.0000 -12.0000
-37.0000 -12.0000
-37.0000 -14.0000
-39.0000 -14.0000
-39.0000 -12.0000
END
4 -43.0000 -14.0000
-41.0000 -14.0000
-41.0000 -16.0000
-43.0000 -16.0000
-43.0000 -14.0000
END
5 -41.0000 -14.0000
-39.0000 -14.0000
-39.0000 -16.0000
-41.0000 -16.0000
-41.0000 -14.0000
END
6 -39.0000 -14.0000
-37.0000 -14.0000
-37.0000 -16.0000
-39.0000 -16.0000
-39.0000 -14.0000
END
7 -43.0000 -16.0000
-41.0000 -16.0000
-41.0000 -18.0000
-43.0000 -18.0000
-43.0000 -16.0000
END
8 -41.0000 -16.0000
-39.0000 -16.0000
-39.0000 -18.0000
-41.0000 -18.0000
-41.0000 -16.0000
END
9 -39.0000 -16.0000
-37.0000 -16.0000
-37.0000 -18.0000
-39.0000 -18.0000
-39.0000 -16.0000
END
