1 -39.0000 -8.0000
-37.0000 -8.0000
-37.0000 -10.0000
-39.0000 -10.0000
-39.0000 -8.0000
END
2 -37.0000 -8.0000
-35.0000 -8.0000
-35.0000 -10.0000
-37.0000 -10.0000
-37.0000 -8.0000
END
3 -43.0000 -10.0000
-41.0000 -10.0000
-41.0000 -12.0000
-43.0000 -12.0000
-43.0000 -10.0000
END
4 -41.0000 -10.0000
-39.0000 -10.0000
-39.0000 -12.0000
-41.0000 -12.0000
-41.0000 -10.0000
END
5 -39.0000 -10.0000
-37.0000 -10.0000
-37.0000 -12.0000
-39.0000 -12.0000
-39.0000 -10.0000
END
6 -37.0000 -10.0000
-35.0000 -10.0000
-35.0000 -12.0000
-37.0000 -12.0000
-37.0000 -10.0000
END
7 -43.0000 -12.0000
-41.0000 -12.0000
-41.0000 -14.0000
-43.0000 -14.0000
-43.0000 -12.0000
END
8 -41.0000 -12.0000
-39.0000 -12.0000
-39.0000 -14.0000
-41.0000 -14.0000
-41.0000 -12.0000
END
9 -39.0000 -12.0000
-37.0000 -12.0000
-37.0000 -14.0000
-39.0000 -14.0000
-39.0000 -12.0000
END
10 -45.0000 -14.0000
-43.0000 -14.0000
-43.0000 -16.0000
-45.0000 -16.0000
-45.0000 -14.0000
END
11 -43.0000 -14.0000
-41.0000 -14.0000
-41.0000 -16.0000
-43.0000 -16.0000
-43.0000 -14.0000
END
12 -41.0000 -14.0000
-39.0000 -14.0000
-39.0000 -16.0000
-41.0000 -16.0000
-41.0000 -14.0000
END
13 -39.0000 -14.0000
-37.0000 -14.0000
-37.0000 -16.0000
-39.0000 -16.0000
-39.0000 -14.0000
END
14 -45.0000 -16.0000
-43.0000 -16.0000
-43.0000 -18.0000
-45.0000 -18.0000
-45.0000 -16.0000
END
15 -43.0000 -16.0000
-41.0000 -16.0000
-41.0000 -18.0000
-43.0000 -18.0000
-43.0000 -16.0000
END
16 -41.0000 -16.0000
-39.0000 -16.0000
-39.0000 -18.0000
-41.0000 -18.0000
-41.0000 -16.0000
END
17 -39.0000 -16.0000
-37.0000 -16.0000
-37.0000 -18.0000
-39.0000 -18.0000
-39.0000 -16.0000
END
18 -47.0000 -18.0000
-45.0000 -18.0000
-45.0000 -20.0000
-47.0000 -20.0000
-47.0000 -18.0000
END
19 -45.0000 -18.0000
-43.0000 -18.0000
-43.0000 -20.0000
-45.0000 -20.0000
-45.0000 -18.0000
END
20 -43.0000 -18.0000
-41.0000 -18.0000
-41.0000 -20.0000
-43.0000 -20.0000
-43.0000 -18.0000
END
21 -41.0000 -18.0000
-39.0000 -18.0000
-39.0000 -20.0000
-41.0000 -20.0000
-41.0000 -18.0000
END
22 -39.0000 -18.0000
-37.0000 -18.0000
-37.0000 -20.0000
-39.0000 -20.0000
-39.0000 -18.0000
END
23 -47.0000 -20.0000
-45.0000 -20.0000
-45.0000 -22.0000
-47.0000 -22.0000
-47.0000 -20.0000
END
24 -45.0000 -20.0000
-43.0000 -20.0000
-43.0000 -22.0000
-45.0000 -22.0000
-45.0000 -20.0000
END
25 -43.0000 -20.0000
-41.0000 -20.0000
-41.0000 -22.0000
-43.0000 -22.0000
-43.0000 -20.0000
END
26 -41.0000 -20.0000
-39.0000 -20.0000
-39.0000 -22.0000
-41.0000 -22.0000
-41.0000 -20.0000
END
27 -45.0000 -22.0000
-43.0000 -22.0000
-43.0000 -24.0000
-45.0000 -24.0000
-45.0000 -22.0000
END
28 -43.0000 -22.0000
-41.0000 -22.0000
-41.0000 -24.0000
-43.0000 -24.0000
-43.0000 -22.0000
END
