1 -79.0000 10.0000
-77.0000 10.0000
-77.0000 8.0000
-79.0000 8.0000
-79.0000 10.0000
END
2 -77.0000 10.0000
-75.0000 10.0000
-75.0000 8.0000
-77.0000 8.0000
-77.0000 10.0000
END
3 -75.0000 10.0000
-73.0000 10.0000
-73.0000 8.0000
-75.0000 8.0000
-75.0000 10.0000
END
4 -79.0000 8.0000
-77.0000 8.0000
-77.0000 6.0000
-79.0000 6.0000
-79.0000 8.0000
END
5 -77.0000 8.0000
-75.0000 8.0000
-75.0000 6.0000
-77.0000 6.0000
-77.0000 8.0000
END
6 -75.0000 8.0000
-73.0000 8.0000
-73.0000 6.0000
-75.0000 6.0000
-75.0000 8.0000
END
7 -75.0000 6.0000
-73.0000 6.0000
-73.0000 4.0000
-75.0000 4.0000
-75.0000 6.0000
END
