1 -45.0000 -20.0000
-43.0000 -20.0000
-43.0000 -22.0000
-45.0000 -22.0000
-45.0000 -20.0000
END
2 -51.0000 -22.0000
-49.0000 -22.0000
-49.0000 -24.0000
-51.0000 -24.0000
-51.0000 -22.0000
END
3 -49.0000 -22.0000
-47.0000 -22.0000
-47.0000 -24.0000
-49.0000 -24.0000
-49.0000 -22.0000
END
4 -47.0000 -22.0000
-45.0000 -22.0000
-45.0000 -24.0000
-47.0000 -24.0000
-47.0000 -22.0000
END
5 -45.0000 -22.0000
-43.0000 -22.0000
-43.0000 -24.0000
-45.0000 -24.0000
-45.0000 -22.0000
END
6 -51.0000 -24.0000
-49.0000 -24.0000
-49.0000 -26.0000
-51.0000 -26.0000
-51.0000 -24.0000
END
7 -49.0000 -24.0000
-47.0000 -24.0000
-47.0000 -26.0000
-49.0000 -26.0000
-49.0000 -24.0000
END
8 -47.0000 -24.0000
-45.0000 -24.0000
-45.0000 -26.0000
-47.0000 -26.0000
-47.0000 -24.0000
END
9 -45.0000 -24.0000
-43.0000 -24.0000
-43.0000 -26.0000
-45.0000 -26.0000
-45.0000 -24.0000
END
10 -51.0000 -26.0000
-49.0000 -26.0000
-49.0000 -28.0000
-51.0000 -28.0000
-51.0000 -26.0000
END
11 -49.0000 -26.0000
-47.0000 -26.0000
-47.0000 -28.0000
-49.0000 -28.0000
-49.0000 -26.0000
END
12 -51.0000 -28.0000
-49.0000 -28.0000
-49.0000 -30.0000
-51.0000 -30.0000
-51.0000 -28.0000
END
13 -49.0000 -28.0000
-47.0000 -28.0000
-47.0000 -30.0000
-49.0000 -30.0000
-49.0000 -28.0000
END
