1 -77.0000 8.0000
-75.0000 8.0000
-75.0000 6.0000
-77.0000 6.0000
-77.0000 8.0000
END
2 -75.0000 8.0000
-73.0000 8.0000
-73.0000 6.0000
-75.0000 6.0000
-75.0000 8.0000
END
3 -79.0000 6.0000
-77.0000 6.0000
-77.0000 4.0000
-79.0000 4.0000
-79.0000 6.0000
END
4 -77.0000 6.0000
-75.0000 6.0000
-75.0000 4.0000
-77.0000 4.0000
-77.0000 6.0000
END
5 -75.0000 6.0000
-73.0000 6.0000
-73.0000 4.0000
-75.0000 4.0000
-75.0000 6.0000
END
6 -79.0000 4.0000
-77.0000 4.0000
-77.0000 2.0000
-79.0000 2.0000
-79.0000 4.0000
END
7 -77.0000 4.0000
-75.0000 4.0000
-75.0000 2.0000
-77.0000 2.0000
-77.0000 4.0000
END
8 -75.0000 4.0000
-73.0000 4.0000
-73.0000 2.0000
-75.0000 2.0000
-75.0000 4.0000
END
