1 -71.0000 10.0000
-69.0000 10.0000
-69.0000 8.0000
-71.0000 8.0000
-71.0000 10.0000
END
2 -69.0000 10.0000
-67.0000 10.0000
-67.0000 8.0000
-69.0000 8.0000
-69.0000 10.0000
END
3 -67.0000 10.0000
-65.0000 10.0000
-65.0000 8.0000
-67.0000 8.0000
-67.0000 10.0000
END
4 -65.0000 10.0000
-63.0000 10.0000
-63.0000 8.0000
-65.0000 8.0000
-65.0000 10.0000
END
5 -63.0000 10.0000
-61.0000 10.0000
-61.0000 8.0000
-63.0000 8.0000
-63.0000 10.0000
END
6 -61.0000 10.0000
-59.0000 10.0000
-59.0000 8.0000
-61.0000 8.0000
-61.0000 10.0000
END
7 -71.0000 8.0000
-69.0000 8.0000
-69.0000 6.0000
-71.0000 6.0000
-71.0000 8.0000
END
8 -69.0000 8.0000
-67.0000 8.0000
-67.0000 6.0000
-69.0000 6.0000
-69.0000 8.0000
END
9 -67.0000 8.0000
-65.0000 8.0000
-65.0000 6.0000
-67.0000 6.0000
-67.0000 8.0000
END
10 -65.0000 8.0000
-63.0000 8.0000
-63.0000 6.0000
-65.0000 6.0000
-65.0000 8.0000
END
11 -63.0000 8.0000
-61.0000 8.0000
-61.0000 6.0000
-63.0000 6.0000
-63.0000 8.0000
END
12 -61.0000 8.0000
-59.0000 8.0000
-59.0000 6.0000
-61.0000 6.0000
-61.0000 8.0000
END
13 -59.0000 8.0000
-57.0000 8.0000
-57.0000 6.0000
-59.0000 6.0000
-59.0000 8.0000
END
14 -57.0000 8.0000
-55.0000 8.0000
-55.0000 6.0000
-57.0000 6.0000
-57.0000 8.0000
END
15 -55.0000 8.0000
-53.0000 8.0000
-53.0000 6.0000
-55.0000 6.0000
-55.0000 8.0000
END
16 -71.0000 6.0000
-69.0000 6.0000
-69.0000 4.0000
-71.0000 4.0000
-71.0000 6.0000
END
17 -69.0000 6.0000
-67.0000 6.0000
-67.0000 4.0000
-69.0000 4.0000
-69.0000 6.0000
END
18 -67.0000 6.0000
-65.0000 6.0000
-65.0000 4.0000
-67.0000 4.0000
-67.0000 6.0000
END
19 -65.0000 6.0000
-63.0000 6.0000
-63.0000 4.0000
-65.0000 4.0000
-65.0000 6.0000
END
20 -63.0000 6.0000
-61.0000 6.0000
-61.0000 4.0000
-63.0000 4.0000
-63.0000 6.0000
END
21 -61.0000 6.0000
-59.0000 6.0000
-59.0000 4.0000
-61.0000 4.0000
-61.0000 6.0000
END
22 -59.0000 6.0000
-57.0000 6.0000
-57.0000 4.0000
-59.0000 4.0000
-59.0000 6.0000
END
23 -57.0000 6.0000
-55.0000 6.0000
-55.0000 4.0000
-57.0000 4.0000
-57.0000 6.0000
END
24 -55.0000 6.0000
-53.0000 6.0000
-53.0000 4.0000
-55.0000 4.0000
-55.0000 6.0000
END
25 -53.0000 6.0000
-51.0000 6.0000
-51.0000 4.0000
-53.0000 4.0000
-53.0000 6.0000
END
26 -75.0000 4.0000
-73.0000 4.0000
-73.0000 2.0000
-75.0000 2.0000
-75.0000 4.0000
END
27 -73.0000 4.0000
-71.0000 4.0000
-71.0000 2.0000
-73.0000 2.0000
-73.0000 4.0000
END
28 -71.0000 4.0000
-69.0000 4.0000
-69.0000 2.0000
-71.0000 2.0000
-71.0000 4.0000
END
29 -69.0000 4.0000
-67.0000 4.0000
-67.0000 2.0000
-69.0000 2.0000
-69.0000 4.0000
END
30 -67.0000 4.0000
-65.0000 4.0000
-65.0000 2.0000
-67.0000 2.0000
-67.0000 4.0000
END
31 -65.0000 4.0000
-63.0000 4.0000
-63.0000 2.0000
-65.0000 2.0000
-65.0000 4.0000
END
32 -63.0000 4.0000
-61.0000 4.0000
-61.0000 2.0000
-63.0000 2.0000
-63.0000 4.0000
END
33 -61.0000 4.0000
-59.0000 4.0000
-59.0000 2.0000
-61.0000 2.0000
-61.0000 4.0000
END
34 -59.0000 4.0000
-57.0000 4.0000
-57.0000 2.0000
-59.0000 2.0000
-59.0000 4.0000
END
35 -57.0000 4.0000
-55.0000 4.0000
-55.0000 2.0000
-57.0000 2.0000
-57.0000 4.0000
END
36 -55.0000 4.0000
-53.0000 4.0000
-53.0000 2.0000
-55.0000 2.0000
-55.0000 4.0000
END
37 -53.0000 4.0000
-51.0000 4.0000
-51.0000 2.0000
-53.0000 2.0000
-53.0000 4.0000
END
38 -51.0000 4.0000
-49.0000 4.0000
-49.0000 2.0000
-51.0000 2.0000
-51.0000 4.0000
END
39 -75.0000 2.0000
-73.0000 2.0000
-73.0000 0.0000
-75.0000 0.0000
-75.0000 2.0000
END
40 -73.0000 2.0000
-71.0000 2.0000
-71.0000 0.0000
-73.0000 0.0000
-73.0000 2.0000
END
41 -71.0000 2.0000
-69.0000 2.0000
-69.0000 0.0000
-71.0000 0.0000
-71.0000 2.0000
END
42 -69.0000 2.0000
-67.0000 2.0000
-67.0000 0.0000
-69.0000 0.0000
-69.0000 2.0000
END
43 -67.0000 2.0000
-65.0000 2.0000
-65.0000 0.0000
-67.0000 0.0000
-67.0000 2.0000
END
44 -65.0000 2.0000
-63.0000 2.0000
-63.0000 0.0000
-65.0000 0.0000
-65.0000 2.0000
END
45 -63.0000 2.0000
-61.0000 2.0000
-61.0000 0.0000
-63.0000 0.0000
-63.0000 2.0000
END
46 -61.0000 2.0000
-59.0000 2.0000
-59.0000 0.0000
-61.0000 0.0000
-61.0000 2.0000
END
47 -59.0000 2.0000
-57.0000 2.0000
-57.0000 0.0000
-59.0000 0.0000
-59.0000 2.0000
END
48 -57.0000 2.0000
-55.0000 2.0000
-55.0000 0.0000
-57.0000 0.0000
-57.0000 2.0000
END
49 -55.0000 2.0000
-53.0000 2.0000
-53.0000 0.0000
-55.0000 0.0000
-55.0000 2.0000
END
50 -53.0000 2.0000
-51.0000 2.0000
-51.0000 0.0000
-53.0000 0.0000
-53.0000 2.0000
END
51 -51.0000 2.0000
-49.0000 2.0000
-49.0000 0.0000
-51.0000 0.0000
-51.0000 2.0000
END
52 -49.0000 2.0000
-47.0000 2.0000
-47.0000 0.0000
-49.0000 0.0000
-49.0000 2.0000
END
53 -77.0000 0.0000
-75.0000 0.0000
-75.0000 -2.0000
-77.0000 -2.0000
-77.0000 0.0000
END
54 -75.0000 0.0000
-73.0000 0.0000
-73.0000 -2.0000
-75.0000 -2.0000
-75.0000 0.0000
END
55 -73.0000 0.0000
-71.0000 0.0000
-71.0000 -2.0000
-73.0000 -2.0000
-73.0000 0.0000
END
56 -71.0000 0.0000
-69.0000 0.0000
-69.0000 -2.0000
-71.0000 -2.0000
-71.0000 0.0000
END
57 -69.0000 0.0000
-67.0000 0.0000
-67.0000 -2.0000
-69.0000 -2.0000
-69.0000 0.0000
END
58 -67.0000 0.0000
-65.0000 0.0000
-65.0000 -2.0000
-67.0000 -2.0000
-67.0000 0.0000
END
59 -65.0000 0.0000
-63.0000 0.0000
-63.0000 -2.0000
-65.0000 -2.0000
-65.0000 0.0000
END
60 -63.0000 0.0000
-61.0000 0.0000
-61.0000 -2.0000
-63.0000 -2.0000
-63.0000 0.0000
END
61 -61.0000 0.0000
-59.0000 0.0000
-59.0000 -2.0000
-61.0000 -2.0000
-61.0000 0.0000
END
62 -59.0000 0.0000
-57.0000 0.0000
-57.0000 -2.0000
-59.0000 -2.0000
-59.0000 0.0000
END
63 -57.0000 0.0000
-55.0000 0.0000
-55.0000 -2.0000
-57.0000 -2.0000
-57.0000 0.0000
END
64 -55.0000 0.0000
-53.0000 0.0000
-53.0000 -2.0000
-55.0000 -2.0000
-55.0000 0.0000
END
65 -53.0000 0.0000
-51.0000 0.0000
-51.0000 -2.0000
-53.0000 -2.0000
-53.0000 0.0000
END
66 -51.0000 0.0000
-49.0000 0.0000
-49.0000 -2.0000
-51.0000 -2.0000
-51.0000 0.0000
END
67 -49.0000 0.0000
-47.0000 0.0000
-47.0000 -2.0000
-49.0000 -2.0000
-49.0000 0.0000
END
68 -47.0000 0.0000
-45.0000 0.0000
-45.0000 -2.0000
-47.0000 -2.0000
-47.0000 0.0000
END
69 -77.0000 -2.0000
-75.0000 -2.0000
-75.0000 -4.0000
-77.0000 -4.0000
-77.0000 -2.0000
END
70 -75.0000 -2.0000
-73.0000 -2.0000
-73.0000 -4.0000
-75.0000 -4.0000
-75.0000 -2.0000
END
71 -73.0000 -2.0000
-71.0000 -2.0000
-71.0000 -4.0000
-73.0000 -4.0000
-73.0000 -2.0000
END
72 -71.0000 -2.0000
-69.0000 -2.0000
-69.0000 -4.0000
-71.0000 -4.0000
-71.0000 -2.0000
END
73 -69.0000 -2.0000
-67.0000 -2.0000
-67.0000 -4.0000
-69.0000 -4.0000
-69.0000 -2.0000
END
74 -67.0000 -2.0000
-65.0000 -2.0000
-65.0000 -4.0000
-67.0000 -4.0000
-67.0000 -2.0000
END
75 -65.0000 -2.0000
-63.0000 -2.0000
-63.0000 -4.0000
-65.0000 -4.0000
-65.0000 -2.0000
END
76 -63.0000 -2.0000
-61.0000 -2.0000
-61.0000 -4.0000
-63.0000 -4.0000
-63.0000 -2.0000
END
77 -61.0000 -2.0000
-59.0000 -2.0000
-59.0000 -4.0000
-61.0000 -4.0000
-61.0000 -2.0000
END
78 -59.0000 -2.0000
-57.0000 -2.0000
-57.0000 -4.0000
-59.0000 -4.0000
-59.0000 -2.0000
END
79 -57.0000 -2.0000
-55.0000 -2.0000
-55.0000 -4.0000
-57.0000 -4.0000
-57.0000 -2.0000
END
80 -55.0000 -2.0000
-53.0000 -2.0000
-53.0000 -4.0000
-55.0000 -4.0000
-55.0000 -2.0000
END
81 -53.0000 -2.0000
-51.0000 -2.0000
-51.0000 -4.0000
-53.0000 -4.0000
-53.0000 -2.0000
END
82 -51.0000 -2.0000
-49.0000 -2.0000
-49.0000 -4.0000
-51.0000 -4.0000
-51.0000 -2.0000
END
83 -49.0000 -2.0000
-47.0000 -2.0000
-47.0000 -4.0000
-49.0000 -4.0000
-49.0000 -2.0000
END
84 -47.0000 -2.0000
-45.0000 -2.0000
-45.0000 -4.0000
-47.0000 -4.0000
-47.0000 -2.0000
END
85 -79.0000 -4.0000
-77.0000 -4.0000
-77.0000 -6.0000
-79.0000 -6.0000
-79.0000 -4.0000
END
86 -77.0000 -4.0000
-75.0000 -4.0000
-75.0000 -6.0000
-77.0000 -6.0000
-77.0000 -4.0000
END
87 -75.0000 -4.0000
-73.0000 -4.0000
-73.0000 -6.0000
-75.0000 -6.0000
-75.0000 -4.0000
END
88 -73.0000 -4.0000
-71.0000 -4.0000
-71.0000 -6.0000
-73.0000 -6.0000
-73.0000 -4.0000
END
89 -71.0000 -4.0000
-69.0000 -4.0000
-69.0000 -6.0000
-71.0000 -6.0000
-71.0000 -4.0000
END
90 -69.0000 -4.0000
-67.0000 -4.0000
-67.0000 -6.0000
-69.0000 -6.0000
-69.0000 -4.0000
END
91 -67.0000 -4.0000
-65.0000 -4.0000
-65.0000 -6.0000
-67.0000 -6.0000
-67.0000 -4.0000
END
92 -65.0000 -4.0000
-63.0000 -4.0000
-63.0000 -6.0000
-65.0000 -6.0000
-65.0000 -4.0000
END
93 -63.0000 -4.0000
-61.0000 -4.0000
-61.0000 -6.0000
-63.0000 -6.0000
-63.0000 -4.0000
END
94 -61.0000 -4.0000
-59.0000 -4.0000
-59.0000 -6.0000
-61.0000 -6.0000
-61.0000 -4.0000
END
95 -59.0000 -4.0000
-57.0000 -4.0000
-57.0000 -6.0000
-59.0000 -6.0000
-59.0000 -4.0000
END
96 -57.0000 -4.0000
-55.0000 -4.0000
-55.0000 -6.0000
-57.0000 -6.0000
-57.0000 -4.0000
END
97 -55.0000 -4.0000
-53.0000 -4.0000
-53.0000 -6.0000
-55.0000 -6.0000
-55.0000 -4.0000
END
98 -53.0000 -4.0000
-51.0000 -4.0000
-51.0000 -6.0000
-53.0000 -6.0000
-53.0000 -4.0000
END
99 -51.0000 -4.0000
-49.0000 -4.0000
-49.0000 -6.0000
-51.0000 -6.0000
-51.0000 -4.0000
END
100 -79.0000 -6.0000
-77.0000 -6.0000
-77.0000 -8.0000
-79.0000 -8.0000
-79.0000 -6.0000
END
101 -77.0000 -6.0000
-75.0000 -6.0000
-75.0000 -8.0000
-77.0000 -8.0000
-77.0000 -6.0000
END
102 -75.0000 -6.0000
-73.0000 -6.0000
-73.0000 -8.0000
-75.0000 -8.0000
-75.0000 -6.0000
END
103 -73.0000 -6.0000
-71.0000 -6.0000
-71.0000 -8.0000
-73.0000 -8.0000
-73.0000 -6.0000
END
104 -71.0000 -6.0000
-69.0000 -6.0000
-69.0000 -8.0000
-71.0000 -8.0000
-71.0000 -6.0000
END
105 -69.0000 -6.0000
-67.0000 -6.0000
-67.0000 -8.0000
-69.0000 -8.0000
-69.0000 -6.0000
END
106 -67.0000 -6.0000
-65.0000 -6.0000
-65.0000 -8.0000
-67.0000 -8.0000
-67.0000 -6.0000
END
107 -65.0000 -6.0000
-63.0000 -6.0000
-63.0000 -8.0000
-65.0000 -8.0000
-65.0000 -6.0000
END
108 -63.0000 -6.0000
-61.0000 -6.0000
-61.0000 -8.0000
-63.0000 -8.0000
-63.0000 -6.0000
END
109 -61.0000 -6.0000
-59.0000 -6.0000
-59.0000 -8.0000
-61.0000 -8.0000
-61.0000 -6.0000
END
110 -59.0000 -6.0000
-57.0000 -6.0000
-57.0000 -8.0000
-59.0000 -8.0000
-59.0000 -6.0000
END
111 -57.0000 -6.0000
-55.0000 -6.0000
-55.0000 -8.0000
-57.0000 -8.0000
-57.0000 -6.0000
END
112 -55.0000 -6.0000
-53.0000 -6.0000
-53.0000 -8.0000
-55.0000 -8.0000
-55.0000 -6.0000
END
113 -75.0000 -8.0000
-73.0000 -8.0000
-73.0000 -10.0000
-75.0000 -10.0000
-75.0000 -8.0000
END
114 -73.0000 -8.0000
-71.0000 -8.0000
-71.0000 -10.0000
-73.0000 -10.0000
-73.0000 -8.0000
END
115 -71.0000 -8.0000
-69.0000 -8.0000
-69.0000 -10.0000
-71.0000 -10.0000
-71.0000 -8.0000
END
116 -69.0000 -8.0000
-67.0000 -8.0000
-67.0000 -10.0000
-69.0000 -10.0000
-69.0000 -8.0000
END
117 -67.0000 -8.0000
-65.0000 -8.0000
-65.0000 -10.0000
-67.0000 -10.0000
-67.0000 -8.0000
END
118 -65.0000 -8.0000
-63.0000 -8.0000
-63.0000 -10.0000
-65.0000 -10.0000
-65.0000 -8.0000
END
119 -63.0000 -8.0000
-61.0000 -8.0000
-61.0000 -10.0000
-63.0000 -10.0000
-63.0000 -8.0000
END
120 -61.0000 -8.0000
-59.0000 -8.0000
-59.0000 -10.0000
-61.0000 -10.0000
-61.0000 -8.0000
END
121 -59.0000 -8.0000
-57.0000 -8.0000
-57.0000 -10.0000
-59.0000 -10.0000
-59.0000 -8.0000
END
122 -57.0000 -8.0000
-55.0000 -8.0000
-55.0000 -10.0000
-57.0000 -10.0000
-57.0000 -8.0000
END
123 -73.0000 -10.0000
-71.0000 -10.0000
-71.0000 -12.0000
-73.0000 -12.0000
-73.0000 -10.0000
END
124 -71.0000 -10.0000
-69.0000 -10.0000
-69.0000 -12.0000
-71.0000 -12.0000
-71.0000 -10.0000
END
125 -69.0000 -10.0000
-67.0000 -10.0000
-67.0000 -12.0000
-69.0000 -12.0000
-69.0000 -10.0000
END
126 -67.0000 -10.0000
-65.0000 -10.0000
-65.0000 -12.0000
-67.0000 -12.0000
-67.0000 -10.0000
END
127 -65.0000 -10.0000
-63.0000 -10.0000
-63.0000 -12.0000
-65.0000 -12.0000
-65.0000 -10.0000
END
128 -63.0000 -10.0000
-61.0000 -10.0000
-61.0000 -12.0000
-63.0000 -12.0000
-63.0000 -10.0000
END
129 -61.0000 -10.0000
-59.0000 -10.0000
-59.0000 -12.0000
-61.0000 -12.0000
-61.0000 -10.0000
END
130 -71.0000 -12.0000
-69.0000 -12.0000
-69.0000 -14.0000
-71.0000 -14.0000
-71.0000 -12.0000
END
131 -69.0000 -12.0000
-67.0000 -12.0000
-67.0000 -14.0000
-69.0000 -14.0000
-69.0000 -12.0000
END
132 -67.0000 -12.0000
-65.0000 -12.0000
-65.0000 -14.0000
-67.0000 -14.0000
-67.0000 -12.0000
END
133 -65.0000 -12.0000
-63.0000 -12.0000
-63.0000 -14.0000
-65.0000 -14.0000
-65.0000 -12.0000
END
134 -69.0000 -14.0000
-67.0000 -14.0000
-67.0000 -16.0000
-69.0000 -16.0000
-69.0000 -14.0000
END
135 -67.0000 -14.0000
-65.0000 -14.0000
-65.0000 -16.0000
-67.0000 -16.0000
-67.0000 -14.0000
END
