1 -65.0000 10.0000
-63.0000 10.0000
-63.0000 8.0000
-65.0000 8.0000
-65.0000 10.0000
END
2 -63.0000 10.0000
-61.0000 10.0000
-61.0000 8.0000
-63.0000 8.0000
-63.0000 10.0000
END
3 -61.0000 10.0000
-59.0000 10.0000
-59.0000 8.0000
-61.0000 8.0000
-61.0000 10.0000
END
4 -65.0000 8.0000
-63.0000 8.0000
-63.0000 6.0000
-65.0000 6.0000
-65.0000 8.0000
END
5 -63.0000 8.0000
-61.0000 8.0000
-61.0000 6.0000
-63.0000 6.0000
-63.0000 8.0000
END
6 -61.0000 8.0000
-59.0000 8.0000
-59.0000 6.0000
-61.0000 6.0000
-61.0000 8.0000
END
7 -65.0000 6.0000
-63.0000 6.0000
-63.0000 4.0000
-65.0000 4.0000
-65.0000 6.0000
END
8 -63.0000 6.0000
-61.0000 6.0000
-61.0000 4.0000
-63.0000 4.0000
-63.0000 6.0000
END
9 -61.0000 6.0000
-59.0000 6.0000
-59.0000 4.0000
-61.0000 4.0000
-61.0000 6.0000
END
10 -59.0000 6.0000
-57.0000 6.0000
-57.0000 4.0000
-59.0000 4.0000
-59.0000 6.0000
END
11 -63.0000 4.0000
-61.0000 4.0000
-61.0000 2.0000
-63.0000 2.0000
-63.0000 4.0000
END
12 -61.0000 4.0000
-59.0000 4.0000
-59.0000 2.0000
-61.0000 2.0000
-61.0000 4.0000
END
13 -59.0000 4.0000
-57.0000 4.0000
-57.0000 2.0000
-59.0000 2.0000
-59.0000 4.0000
END
