1 -78.0000 4.0000
-75.0000 4.0000
-75.0000 1.0000
-78.0000 1.0000
-78.0000 4.0000
END
2 -75.0000 4.0000
-72.0000 4.0000
-72.0000 1.0000
-75.0000 1.0000
-75.0000 4.0000
END
3 -81.0000 1.0000
-78.0000 1.0000
-78.0000 -2.0000
-81.0000 -2.0000
-81.0000 1.0000
END
4 -78.0000 1.0000
-75.0000 1.0000
-75.0000 -2.0000
-78.0000 -2.0000
-78.0000 1.0000
END
5 -75.0000 1.0000
-72.0000 1.0000
-72.0000 -2.0000
-75.0000 -2.0000
-75.0000 1.0000
END
6 -81.0000 -2.0000
-78.0000 -2.0000
-78.0000 -5.0000
-81.0000 -5.0000
-81.0000 -2.0000
END
7 -78.0000 -2.0000
-75.0000 -2.0000
-75.0000 -5.0000
-78.0000 -5.0000
-78.0000 -2.0000
END
8 -75.0000 -2.0000
-72.0000 -2.0000
-72.0000 -5.0000
-75.0000 -5.0000
-75.0000 -2.0000
END
9 -72.0000 -2.0000
-69.0000 -2.0000
-69.0000 -5.0000
-72.0000 -5.0000
-72.0000 -2.0000
END
10 -81.0000 -5.0000
-78.0000 -5.0000
-78.0000 -8.0000
-81.0000 -8.0000
-81.0000 -5.0000
END
11 -78.0000 -5.0000
-75.0000 -5.0000
-75.0000 -8.0000
-78.0000 -8.0000
-78.0000 -5.0000
END
12 -75.0000 -5.0000
-72.0000 -5.0000
-72.0000 -8.0000
-75.0000 -8.0000
-75.0000 -5.0000
END
13 -72.0000 -5.0000
-69.0000 -5.0000
-69.0000 -8.0000
-72.0000 -8.0000
-72.0000 -5.0000
END
14 -78.0000 -8.0000
-75.0000 -8.0000
-75.0000 -11.0000
-78.0000 -11.0000
-78.0000 -8.0000
END
15 -75.0000 -8.0000
-72.0000 -8.0000
-72.0000 -11.0000
-75.0000 -11.0000
-75.0000 -8.0000
END
16 -72.0000 -8.0000
-69.0000 -8.0000
-69.0000 -11.0000
-72.0000 -11.0000
-72.0000 -8.0000
END
17 -69.0000 -8.0000
-66.0000 -8.0000
-66.0000 -11.0000
-69.0000 -11.0000
-69.0000 -8.0000
END
18 -66.0000 -8.0000
-63.0000 -8.0000
-63.0000 -11.0000
-66.0000 -11.0000
-66.0000 -8.0000
END
19 -78.0000 -11.0000
-75.0000 -11.0000
-75.0000 -14.0000
-78.0000 -14.0000
-78.0000 -11.0000
END
20 -75.0000 -11.0000
-72.0000 -11.0000
-72.0000 -14.0000
-75.0000 -14.0000
-75.0000 -11.0000
END
21 -72.0000 -11.0000
-69.0000 -11.0000
-69.0000 -14.0000
-72.0000 -14.0000
-72.0000 -11.0000
END
22 -69.0000 -11.0000
-66.0000 -11.0000
-66.0000 -14.0000
-69.0000 -14.0000
-69.0000 -11.0000
END
23 -66.0000 -11.0000
-63.0000 -11.0000
-63.0000 -14.0000
-66.0000 -14.0000
-66.0000 -11.0000
END
24 -72.0000 -14.0000
-69.0000 -14.0000
-69.0000 -17.0000
-72.0000 -17.0000
-72.0000 -14.0000
END
25 -69.0000 -14.0000
-66.0000 -14.0000
-66.0000 -17.0000
-69.0000 -17.0000
-69.0000 -14.0000
END
26 -66.0000 -14.0000
-63.0000 -14.0000
-63.0000 -17.0000
-66.0000 -17.0000
-66.0000 -14.0000
END
27 -66.0000 -17.0000
-63.0000 -17.0000
-63.0000 -20.0000
-66.0000 -20.0000
-66.0000 -17.0000
END
