1 -69.0000 13.0000
-66.0000 13.0000
-66.0000 10.0000
-69.0000 10.0000
-69.0000 13.0000
END
2 -66.0000 13.0000
-63.0000 13.0000
-63.0000 10.0000
-66.0000 10.0000
-66.0000 13.0000
END
3 -57.0000 7.0000
-54.0000 7.0000
-54.0000 4.0000
-57.0000 4.0000
-57.0000 7.0000
END
4 -63.0000 1.0000
-60.0000 1.0000
-60.0000 -2.0000
-63.0000 -2.0000
-63.0000 1.0000
END
5 -60.0000 1.0000
-57.0000 1.0000
-57.0000 -2.0000
-60.0000 -2.0000
-60.0000 1.0000
END
6 -60.0000 4.0000
-57.0000 4.0000
-57.0000 1.0000
-60.0000 1.0000
-60.0000 4.0000
END
7 -57.0000 4.0000
-54.0000 4.0000
-54.0000 1.0000
-57.0000 1.0000
-57.0000 4.0000
END
8 -63.0000 10.0000
-60.0000 10.0000
-60.0000 7.0000
-63.0000 7.0000
-63.0000 10.0000
END
9 -60.0000 10.0000
-57.0000 10.0000
-57.0000 7.0000
-60.0000 7.0000
-60.0000 10.0000
END
10 -60.0000 7.0000
-57.0000 7.0000
-57.0000 4.0000
-60.0000 4.0000
-60.0000 7.0000
END
11 -63.0000 4.0000
-60.0000 4.0000
-60.0000 1.0000
-63.0000 1.0000
-63.0000 4.0000
END
12 -66.0000 1.0000
-63.0000 1.0000
-63.0000 -2.0000
-66.0000 -2.0000
-66.0000 1.0000
END
13 -69.0000 10.0000
-66.0000 10.0000
-66.0000 7.0000
-69.0000 7.0000
-69.0000 10.0000
END
14 -66.0000 10.0000
-63.0000 10.0000
-63.0000 7.0000
-66.0000 7.0000
-66.0000 10.0000
END
15 -69.0000 7.0000
-66.0000 7.0000
-66.0000 4.0000
-69.0000 4.0000
-69.0000 7.0000
END
16 -66.0000 7.0000
-63.0000 7.0000
-63.0000 4.0000
-66.0000 4.0000
-66.0000 7.0000
END
17 -63.0000 7.0000
-60.0000 7.0000
-60.0000 4.0000
-63.0000 4.0000
-63.0000 7.0000
END
18 -69.0000 4.0000
-66.0000 4.0000
-66.0000 1.0000
-69.0000 1.0000
-69.0000 4.0000
END
19 -66.0000 4.0000
-63.0000 4.0000
-63.0000 1.0000
-66.0000 1.0000
-66.0000 4.0000
END
