1 -78.0000 7.0000
-75.0000 7.0000
-75.0000 4.0000
-78.0000 4.0000
-78.0000 7.0000
END
2 -75.0000 7.0000
-72.0000 7.0000
-72.0000 4.0000
-75.0000 4.0000
-75.0000 7.0000
END
3 -78.0000 4.0000
-75.0000 4.0000
-75.0000 1.0000
-78.0000 1.0000
-78.0000 4.0000
END
4 -75.0000 4.0000
-72.0000 4.0000
-72.0000 1.0000
-75.0000 1.0000
-75.0000 4.0000
END
5 -78.0000 1.0000
-75.0000 1.0000
-75.0000 -2.0000
-78.0000 -2.0000
-78.0000 1.0000
END
6 -75.0000 1.0000
-72.0000 1.0000
-72.0000 -2.0000
-75.0000 -2.0000
-75.0000 1.0000
END
7 -72.0000 1.0000
-69.0000 1.0000
-69.0000 -2.0000
-72.0000 -2.0000
-72.0000 1.0000
END
8 -78.0000 -2.0000
-75.0000 -2.0000
-75.0000 -5.0000
-78.0000 -5.0000
-78.0000 -2.0000
END
9 -75.0000 -2.0000
-72.0000 -2.0000
-72.0000 -5.0000
-75.0000 -5.0000
-75.0000 -2.0000
END
10 -72.0000 -2.0000
-69.0000 -2.0000
-69.0000 -5.0000
-72.0000 -5.0000
-72.0000 -2.0000
END
11 -81.0000 -5.0000
-78.0000 -5.0000
-78.0000 -8.0000
-81.0000 -8.0000
-81.0000 -5.0000
END
12 -78.0000 -5.0000
-75.0000 -5.0000
-75.0000 -8.0000
-78.0000 -8.0000
-78.0000 -5.0000
END
13 -75.0000 -5.0000
-72.0000 -5.0000
-72.0000 -8.0000
-75.0000 -8.0000
-75.0000 -5.0000
END
14 -72.0000 -5.0000
-69.0000 -5.0000
-69.0000 -8.0000
-72.0000 -8.0000
-72.0000 -5.0000
END
15 -78.0000 -8.0000
-75.0000 -8.0000
-75.0000 -11.0000
-78.0000 -11.0000
-78.0000 -8.0000
END
16 -75.0000 -8.0000
-72.0000 -8.0000
-72.0000 -11.0000
-75.0000 -11.0000
-75.0000 -8.0000
END
17 -72.0000 -8.0000
-69.0000 -8.0000
-69.0000 -11.0000
-72.0000 -11.0000
-72.0000 -8.0000
END
18 -75.0000 -11.0000
-72.0000 -11.0000
-72.0000 -14.0000
-75.0000 -14.0000
-75.0000 -11.0000
END
19 -72.0000 -11.0000
-69.0000 -11.0000
-69.0000 -14.0000
-72.0000 -14.0000
-72.0000 -11.0000
END
