1 -63.0000 -8.0000
-60.0000 -8.0000
-60.0000 -11.0000
-63.0000 -11.0000
-63.0000 -8.0000
END
2 -54.0000 -14.0000
-51.0000 -14.0000
-51.0000 -17.0000
-54.0000 -17.0000
-54.0000 -14.0000
END
3 -54.0000 -17.0000
-51.0000 -17.0000
-51.0000 -20.0000
-54.0000 -20.0000
-54.0000 -17.0000
END
4 -78.0000 -2.0000
-75.0000 -2.0000
-75.0000 -5.0000
-78.0000 -5.0000
-78.0000 -2.0000
END
5 -75.0000 -2.0000
-72.0000 -2.0000
-72.0000 -5.0000
-75.0000 -5.0000
-75.0000 -2.0000
END
6 -72.0000 -2.0000
-69.0000 -2.0000
-69.0000 -5.0000
-72.0000 -5.0000
-72.0000 -2.0000
END
7 -78.0000 -5.0000
-75.0000 -5.0000
-75.0000 -8.0000
-78.0000 -8.0000
-78.0000 -5.0000
END
8 -75.0000 -5.0000
-72.0000 -5.0000
-72.0000 -8.0000
-75.0000 -8.0000
-75.0000 -5.0000
END
9 -72.0000 -5.0000
-69.0000 -5.0000
-69.0000 -8.0000
-72.0000 -8.0000
-72.0000 -5.0000
END
10 -69.0000 -5.0000
-66.0000 -5.0000
-66.0000 -8.0000
-69.0000 -8.0000
-69.0000 -5.0000
END
11 -78.0000 -8.0000
-75.0000 -8.0000
-75.0000 -11.0000
-78.0000 -11.0000
-78.0000 -8.0000
END
12 -75.0000 -8.0000
-72.0000 -8.0000
-72.0000 -11.0000
-75.0000 -11.0000
-75.0000 -8.0000
END
13 -72.0000 -8.0000
-69.0000 -8.0000
-69.0000 -11.0000
-72.0000 -11.0000
-72.0000 -8.0000
END
14 -69.0000 -8.0000
-66.0000 -8.0000
-66.0000 -11.0000
-69.0000 -11.0000
-69.0000 -8.0000
END
15 -66.0000 -8.0000
-63.0000 -8.0000
-63.0000 -11.0000
-66.0000 -11.0000
-66.0000 -8.0000
END
16 -72.0000 -11.0000
-69.0000 -11.0000
-69.0000 -14.0000
-72.0000 -14.0000
-72.0000 -11.0000
END
17 -69.0000 -11.0000
-66.0000 -11.0000
-66.0000 -14.0000
-69.0000 -14.0000
-69.0000 -11.0000
END
18 -66.0000 -11.0000
-63.0000 -11.0000
-63.0000 -14.0000
-66.0000 -14.0000
-66.0000 -11.0000
END
19 -63.0000 -11.0000
-60.0000 -11.0000
-60.0000 -14.0000
-63.0000 -14.0000
-63.0000 -11.0000
END
20 -60.0000 -11.0000
-57.0000 -11.0000
-57.0000 -14.0000
-60.0000 -14.0000
-60.0000 -11.0000
END
21 -72.0000 -14.0000
-69.0000 -14.0000
-69.0000 -17.0000
-72.0000 -17.0000
-72.0000 -14.0000
END
22 -69.0000 -14.0000
-66.0000 -14.0000
-66.0000 -17.0000
-69.0000 -17.0000
-69.0000 -14.0000
END
23 -66.0000 -14.0000
-63.0000 -14.0000
-63.0000 -17.0000
-66.0000 -17.0000
-66.0000 -14.0000
END
24 -63.0000 -14.0000
-60.0000 -14.0000
-60.0000 -17.0000
-63.0000 -17.0000
-63.0000 -14.0000
END
25 -60.0000 -14.0000
-57.0000 -14.0000
-57.0000 -17.0000
-60.0000 -17.0000
-60.0000 -14.0000
END
26 -57.0000 -14.0000
-54.0000 -14.0000
-54.0000 -17.0000
-57.0000 -17.0000
-57.0000 -14.0000
END
27 -57.0000 -17.0000
-54.0000 -17.0000
-54.0000 -20.0000
-57.0000 -20.0000
-57.0000 -17.0000
END
