1 -63.0000 4.0000
-60.0000 4.0000
-60.0000 1.0000
-63.0000 1.0000
-63.0000 4.0000
END
2 -60.0000 4.0000
-57.0000 4.0000
-57.0000 1.0000
-60.0000 1.0000
-60.0000 4.0000
END
3 -57.0000 4.0000
-54.0000 4.0000
-54.0000 1.0000
-57.0000 1.0000
-57.0000 4.0000
END
4 -69.0000 1.0000
-66.0000 1.0000
-66.0000 -2.0000
-69.0000 -2.0000
-69.0000 1.0000
END
5 -66.0000 1.0000
-63.0000 1.0000
-63.0000 -2.0000
-66.0000 -2.0000
-66.0000 1.0000
END
6 -63.0000 1.0000
-60.0000 1.0000
-60.0000 -2.0000
-63.0000 -2.0000
-63.0000 1.0000
END
7 -60.0000 1.0000
-57.0000 1.0000
-57.0000 -2.0000
-60.0000 -2.0000
-60.0000 1.0000
END
8 -57.0000 1.0000
-54.0000 1.0000
-54.0000 -2.0000
-57.0000 -2.0000
-57.0000 1.0000
END
9 -69.0000 -2.0000
-66.0000 -2.0000
-66.0000 -5.0000
-69.0000 -5.0000
-69.0000 -2.0000
END
10 -66.0000 -2.0000
-63.0000 -2.0000
-63.0000 -5.0000
-66.0000 -5.0000
-66.0000 -2.0000
END
11 -63.0000 -2.0000
-60.0000 -2.0000
-60.0000 -5.0000
-63.0000 -5.0000
-63.0000 -2.0000
END
12 -60.0000 -2.0000
-57.0000 -2.0000
-57.0000 -5.0000
-60.0000 -5.0000
-60.0000 -2.0000
END
13 -57.0000 -2.0000
-54.0000 -2.0000
-54.0000 -5.0000
-57.0000 -5.0000
-57.0000 -2.0000
END
14 -69.0000 -5.0000
-66.0000 -5.0000
-66.0000 -8.0000
-69.0000 -8.0000
-69.0000 -5.0000
END
15 -66.0000 -5.0000
-63.0000 -5.0000
-63.0000 -8.0000
-66.0000 -8.0000
-66.0000 -5.0000
END
16 -63.0000 -5.0000
-60.0000 -5.0000
-60.0000 -8.0000
-63.0000 -8.0000
-63.0000 -5.0000
END
17 -60.0000 -5.0000
-57.0000 -5.0000
-57.0000 -8.0000
-60.0000 -8.0000
-60.0000 -5.0000
END
