1 -60.0000 -26.0000
-57.0000 -26.0000
-57.0000 -29.0000
-60.0000 -29.0000
-60.0000 -26.0000
END
2 -42.0000 -5.0000
-39.0000 -5.0000
-39.0000 -8.0000
-42.0000 -8.0000
-42.0000 -5.0000
END
3 -39.0000 -8.0000
-36.0000 -8.0000
-36.0000 -11.0000
-39.0000 -11.0000
-39.0000 -8.0000
END
4 -63.0000 -20.0000
-60.0000 -20.0000
-60.0000 -23.0000
-63.0000 -23.0000
-63.0000 -20.0000
END
5 -60.0000 -23.0000
-57.0000 -23.0000
-57.0000 -26.0000
-60.0000 -26.0000
-60.0000 -23.0000
END
6 -42.0000 -8.0000
-39.0000 -8.0000
-39.0000 -11.0000
-42.0000 -11.0000
-42.0000 -8.0000
END
7 -48.0000 -26.0000
-45.0000 -26.0000
-45.0000 -29.0000
-48.0000 -29.0000
-48.0000 -26.0000
END
8 -66.0000 -8.0000
-63.0000 -8.0000
-63.0000 -11.0000
-66.0000 -11.0000
-66.0000 -8.0000
END
9 -57.0000 -8.0000
-54.0000 -8.0000
-54.0000 -11.0000
-57.0000 -11.0000
-57.0000 -8.0000
END
10 -39.0000 -14.0000
-36.0000 -14.0000
-36.0000 -17.0000
-39.0000 -17.0000
-39.0000 -14.0000
END
11 -57.0000 -26.0000
-54.0000 -26.0000
-54.0000 -29.0000
-57.0000 -29.0000
-57.0000 -26.0000
END
12 -54.0000 -26.0000
-51.0000 -26.0000
-51.0000 -29.0000
-54.0000 -29.0000
-54.0000 -26.0000
END
13 -51.0000 -26.0000
-48.0000 -26.0000
-48.0000 -29.0000
-51.0000 -29.0000
-51.0000 -26.0000
END
14 -54.0000 -8.0000
-51.0000 -8.0000
-51.0000 -11.0000
-54.0000 -11.0000
-54.0000 -8.0000
END
15 -51.0000 -8.0000
-48.0000 -8.0000
-48.0000 -11.0000
-51.0000 -11.0000
-51.0000 -8.0000
END
16 -39.0000 -17.0000
-36.0000 -17.0000
-36.0000 -20.0000
-39.0000 -20.0000
-39.0000 -17.0000
END
17 -42.0000 -23.0000
-39.0000 -23.0000
-39.0000 -26.0000
-42.0000 -26.0000
-42.0000 -23.0000
END
18 -48.0000 -8.0000
-45.0000 -8.0000
-45.0000 -11.0000
-48.0000 -11.0000
-48.0000 -8.0000
END
19 -45.0000 -8.0000
-42.0000 -8.0000
-42.0000 -11.0000
-45.0000 -11.0000
-45.0000 -8.0000
END
20 -66.0000 -11.0000
-63.0000 -11.0000
-63.0000 -14.0000
-66.0000 -14.0000
-66.0000 -11.0000
END
21 -63.0000 -11.0000
-60.0000 -11.0000
-60.0000 -14.0000
-63.0000 -14.0000
-63.0000 -11.0000
END
22 -60.0000 -11.0000
-57.0000 -11.0000
-57.0000 -14.0000
-60.0000 -14.0000
-60.0000 -11.0000
END
23 -57.0000 -11.0000
-54.0000 -11.0000
-54.0000 -14.0000
-57.0000 -14.0000
-57.0000 -11.0000
END
24 -54.0000 -11.0000
-51.0000 -11.0000
-51.0000 -14.0000
-54.0000 -14.0000
-54.0000 -11.0000
END
25 -51.0000 -11.0000
-48.0000 -11.0000
-48.0000 -14.0000
-51.0000 -14.0000
-51.0000 -11.0000
END
26 -48.0000 -11.0000
-45.0000 -11.0000
-45.0000 -14.0000
-48.0000 -14.0000
-48.0000 -11.0000
END
27 -45.0000 -11.0000
-42.0000 -11.0000
-42.0000 -14.0000
-45.0000 -14.0000
-45.0000 -11.0000
END
28 -42.0000 -11.0000
-39.0000 -11.0000
-39.0000 -14.0000
-42.0000 -14.0000
-42.0000 -11.0000
END
29 -66.0000 -14.0000
-63.0000 -14.0000
-63.0000 -17.0000
-66.0000 -17.0000
-66.0000 -14.0000
END
30 -63.0000 -14.0000
-60.0000 -14.0000
-60.0000 -17.0000
-63.0000 -17.0000
-63.0000 -14.0000
END
31 -60.0000 -14.0000
-57.0000 -14.0000
-57.0000 -17.0000
-60.0000 -17.0000
-60.0000 -14.0000
END
32 -57.0000 -14.0000
-54.0000 -14.0000
-54.0000 -17.0000
-57.0000 -17.0000
-57.0000 -14.0000
END
33 -54.0000 -14.0000
-51.0000 -14.0000
-51.0000 -17.0000
-54.0000 -17.0000
-54.0000 -14.0000
END
34 -51.0000 -14.0000
-48.0000 -14.0000
-48.0000 -17.0000
-51.0000 -17.0000
-51.0000 -14.0000
END
35 -48.0000 -14.0000
-45.0000 -14.0000
-45.0000 -17.0000
-48.0000 -17.0000
-48.0000 -14.0000
END
36 -45.0000 -14.0000
-42.0000 -14.0000
-42.0000 -17.0000
-45.0000 -17.0000
-45.0000 -14.0000
END
37 -42.0000 -14.0000
-39.0000 -14.0000
-39.0000 -17.0000
-42.0000 -17.0000
-42.0000 -14.0000
END
38 -66.0000 -17.0000
-63.0000 -17.0000
-63.0000 -20.0000
-66.0000 -20.0000
-66.0000 -17.0000
END
39 -63.0000 -17.0000
-60.0000 -17.0000
-60.0000 -20.0000
-63.0000 -20.0000
-63.0000 -17.0000
END
40 -60.0000 -17.0000
-57.0000 -17.0000
-57.0000 -20.0000
-60.0000 -20.0000
-60.0000 -17.0000
END
41 -57.0000 -17.0000
-54.0000 -17.0000
-54.0000 -20.0000
-57.0000 -20.0000
-57.0000 -17.0000
END
42 -54.0000 -17.0000
-51.0000 -17.0000
-51.0000 -20.0000
-54.0000 -20.0000
-54.0000 -17.0000
END
43 -51.0000 -17.0000
-48.0000 -17.0000
-48.0000 -20.0000
-51.0000 -20.0000
-51.0000 -17.0000
END
44 -48.0000 -17.0000
-45.0000 -17.0000
-45.0000 -20.0000
-48.0000 -20.0000
-48.0000 -17.0000
END
45 -45.0000 -17.0000
-42.0000 -17.0000
-42.0000 -20.0000
-45.0000 -20.0000
-45.0000 -17.0000
END
46 -42.0000 -17.0000
-39.0000 -17.0000
-39.0000 -20.0000
-42.0000 -20.0000
-42.0000 -17.0000
END
47 -60.0000 -20.0000
-57.0000 -20.0000
-57.0000 -23.0000
-60.0000 -23.0000
-60.0000 -20.0000
END
48 -57.0000 -20.0000
-54.0000 -20.0000
-54.0000 -23.0000
-57.0000 -23.0000
-57.0000 -20.0000
END
49 -54.0000 -20.0000
-51.0000 -20.0000
-51.0000 -23.0000
-54.0000 -23.0000
-54.0000 -20.0000
END
50 -51.0000 -20.0000
-48.0000 -20.0000
-48.0000 -23.0000
-51.0000 -23.0000
-51.0000 -20.0000
END
51 -48.0000 -20.0000
-45.0000 -20.0000
-45.0000 -23.0000
-48.0000 -23.0000
-48.0000 -20.0000
END
52 -45.0000 -20.0000
-42.0000 -20.0000
-42.0000 -23.0000
-45.0000 -23.0000
-45.0000 -20.0000
END
53 -42.0000 -20.0000
-39.0000 -20.0000
-39.0000 -23.0000
-42.0000 -23.0000
-42.0000 -20.0000
END
54 -57.0000 -23.0000
-54.0000 -23.0000
-54.0000 -26.0000
-57.0000 -26.0000
-57.0000 -23.0000
END
55 -54.0000 -23.0000
-51.0000 -23.0000
-51.0000 -26.0000
-54.0000 -26.0000
-54.0000 -23.0000
END
56 -51.0000 -23.0000
-48.0000 -23.0000
-48.0000 -26.0000
-51.0000 -26.0000
-51.0000 -23.0000
END
57 -48.0000 -23.0000
-45.0000 -23.0000
-45.0000 -26.0000
-48.0000 -26.0000
-48.0000 -23.0000
END
58 -45.0000 -23.0000
-42.0000 -23.0000
-42.0000 -26.0000
-45.0000 -26.0000
-45.0000 -23.0000
END
