1 -48.0000 -2.0000
-45.0000 -2.0000
-45.0000 -5.0000
-48.0000 -5.0000
-48.0000 -2.0000
END
2 -51.0000 -5.0000
-48.0000 -5.0000
-48.0000 -8.0000
-51.0000 -8.0000
-51.0000 -5.0000
END
3 -48.0000 -8.0000
-45.0000 -8.0000
-45.0000 -11.0000
-48.0000 -11.0000
-48.0000 -8.0000
END
4 -48.0000 -5.0000
-45.0000 -5.0000
-45.0000 -8.0000
-48.0000 -8.0000
-48.0000 -5.0000
END
5 -45.0000 -2.0000
-42.0000 -2.0000
-42.0000 -5.0000
-45.0000 -5.0000
-45.0000 -2.0000
END
6 -42.0000 -2.0000
-39.0000 -2.0000
-39.0000 -5.0000
-42.0000 -5.0000
-42.0000 -2.0000
END
7 -39.0000 -2.0000
-36.0000 -2.0000
-36.0000 -5.0000
-39.0000 -5.0000
-39.0000 -2.0000
END
8 -45.0000 -5.0000
-42.0000 -5.0000
-42.0000 -8.0000
-45.0000 -8.0000
-45.0000 -5.0000
END
9 -42.0000 -5.0000
-39.0000 -5.0000
-39.0000 -8.0000
-42.0000 -8.0000
-42.0000 -5.0000
END
10 -39.0000 -5.0000
-36.0000 -5.0000
-36.0000 -8.0000
-39.0000 -8.0000
-39.0000 -5.0000
END
11 -45.0000 -8.0000
-42.0000 -8.0000
-42.0000 -11.0000
-45.0000 -11.0000
-45.0000 -8.0000
END
12 -42.0000 -8.0000
-39.0000 -8.0000
-39.0000 -11.0000
-42.0000 -11.0000
-42.0000 -8.0000
END
13 -39.0000 -8.0000
-36.0000 -8.0000
-36.0000 -11.0000
-39.0000 -11.0000
-39.0000 -8.0000
END
