1 -66.0000 -17.0000
-63.0000 -17.0000
-63.0000 -20.0000
-66.0000 -20.0000
-66.0000 -17.0000
END
2 -63.0000 -17.0000
-60.0000 -17.0000
-60.0000 -20.0000
-63.0000 -20.0000
-63.0000 -17.0000
END
3 -66.0000 -20.0000
-63.0000 -20.0000
-63.0000 -23.0000
-66.0000 -23.0000
-66.0000 -20.0000
END
4 -63.0000 -20.0000
-60.0000 -20.0000
-60.0000 -23.0000
-63.0000 -23.0000
-63.0000 -20.0000
END
5 -69.0000 -23.0000
-66.0000 -23.0000
-66.0000 -26.0000
-69.0000 -26.0000
-69.0000 -23.0000
END
6 -66.0000 -23.0000
-63.0000 -23.0000
-63.0000 -26.0000
-66.0000 -26.0000
-66.0000 -23.0000
END
7 -63.0000 -23.0000
-60.0000 -23.0000
-60.0000 -26.0000
-63.0000 -26.0000
-63.0000 -23.0000
END
8 -60.0000 -23.0000
-57.0000 -23.0000
-57.0000 -26.0000
-60.0000 -26.0000
-60.0000 -23.0000
END
9 -57.0000 -23.0000
-54.0000 -23.0000
-54.0000 -26.0000
-57.0000 -26.0000
-57.0000 -23.0000
END
10 -69.0000 -26.0000
-66.0000 -26.0000
-66.0000 -29.0000
-69.0000 -29.0000
-69.0000 -26.0000
END
11 -66.0000 -26.0000
-63.0000 -26.0000
-63.0000 -29.0000
-66.0000 -29.0000
-66.0000 -26.0000
END
12 -63.0000 -26.0000
-60.0000 -26.0000
-60.0000 -29.0000
-63.0000 -29.0000
-63.0000 -26.0000
END
13 -60.0000 -26.0000
-57.0000 -26.0000
-57.0000 -29.0000
-60.0000 -29.0000
-60.0000 -26.0000
END
14 -57.0000 -26.0000
-54.0000 -26.0000
-54.0000 -29.0000
-57.0000 -29.0000
-57.0000 -26.0000
END
15 -54.0000 -26.0000
-51.0000 -26.0000
-51.0000 -29.0000
-54.0000 -29.0000
-54.0000 -26.0000
END
16 -69.0000 -29.0000
-66.0000 -29.0000
-66.0000 -32.0000
-69.0000 -32.0000
-69.0000 -29.0000
END
17 -66.0000 -29.0000
-63.0000 -29.0000
-63.0000 -32.0000
-66.0000 -32.0000
-66.0000 -29.0000
END
18 -63.0000 -29.0000
-60.0000 -29.0000
-60.0000 -32.0000
-63.0000 -32.0000
-63.0000 -29.0000
END
19 -60.0000 -29.0000
-57.0000 -29.0000
-57.0000 -32.0000
-60.0000 -32.0000
-60.0000 -29.0000
END
20 -57.0000 -29.0000
-54.0000 -29.0000
-54.0000 -32.0000
-57.0000 -32.0000
-57.0000 -29.0000
END
21 -54.0000 -29.0000
-51.0000 -29.0000
-51.0000 -32.0000
-54.0000 -32.0000
-54.0000 -29.0000
END
22 -63.0000 -32.0000
-60.0000 -32.0000
-60.0000 -35.0000
-63.0000 -35.0000
-63.0000 -32.0000
END
23 -60.0000 -32.0000
-57.0000 -32.0000
-57.0000 -35.0000
-60.0000 -35.0000
-60.0000 -32.0000
END
24 -57.0000 -32.0000
-54.0000 -32.0000
-54.0000 -35.0000
-57.0000 -35.0000
-57.0000 -32.0000
END
25 -54.0000 -32.0000
-51.0000 -32.0000
-51.0000 -35.0000
-54.0000 -35.0000
-54.0000 -32.0000
END
26 -60.0000 -35.0000
-57.0000 -35.0000
-57.0000 -38.0000
-60.0000 -38.0000
-60.0000 -35.0000
END
27 -57.0000 -35.0000
-54.0000 -35.0000
-54.0000 -38.0000
-57.0000 -38.0000
-57.0000 -35.0000
END
