1 -69.0000 -14.0000
-66.0000 -14.0000
-66.0000 -17.0000
-69.0000 -17.0000
-69.0000 -14.0000
END
2 -66.0000 -14.0000
-63.0000 -14.0000
-63.0000 -17.0000
-66.0000 -17.0000
-66.0000 -14.0000
END
3 -63.0000 -14.0000
-60.0000 -14.0000
-60.0000 -17.0000
-63.0000 -17.0000
-63.0000 -14.0000
END
4 -60.0000 -14.0000
-57.0000 -14.0000
-57.0000 -17.0000
-60.0000 -17.0000
-60.0000 -14.0000
END
5 -69.0000 -17.0000
-66.0000 -17.0000
-66.0000 -20.0000
-69.0000 -20.0000
-69.0000 -17.0000
END
6 -66.0000 -17.0000
-63.0000 -17.0000
-63.0000 -20.0000
-66.0000 -20.0000
-66.0000 -17.0000
END
7 -63.0000 -17.0000
-60.0000 -17.0000
-60.0000 -20.0000
-63.0000 -20.0000
-63.0000 -17.0000
END
8 -60.0000 -17.0000
-57.0000 -17.0000
-57.0000 -20.0000
-60.0000 -20.0000
-60.0000 -17.0000
END
9 -57.0000 -17.0000
-54.0000 -17.0000
-54.0000 -20.0000
-57.0000 -20.0000
-57.0000 -17.0000
END
10 -66.0000 -20.0000
-63.0000 -20.0000
-63.0000 -23.0000
-66.0000 -23.0000
-66.0000 -20.0000
END
11 -63.0000 -20.0000
-60.0000 -20.0000
-60.0000 -23.0000
-63.0000 -23.0000
-63.0000 -20.0000
END
12 -60.0000 -20.0000
-57.0000 -20.0000
-57.0000 -23.0000
-60.0000 -23.0000
-60.0000 -20.0000
END
13 -57.0000 -20.0000
-54.0000 -20.0000
-54.0000 -23.0000
-57.0000 -23.0000
-57.0000 -20.0000
END
14 -54.0000 -20.0000
-51.0000 -20.0000
-51.0000 -23.0000
-54.0000 -23.0000
-54.0000 -20.0000
END
15 -66.0000 -23.0000
-63.0000 -23.0000
-63.0000 -26.0000
-66.0000 -26.0000
-66.0000 -23.0000
END
16 -63.0000 -23.0000
-60.0000 -23.0000
-60.0000 -26.0000
-63.0000 -26.0000
-63.0000 -23.0000
END
17 -60.0000 -23.0000
-57.0000 -23.0000
-57.0000 -26.0000
-60.0000 -26.0000
-60.0000 -23.0000
END
18 -57.0000 -23.0000
-54.0000 -23.0000
-54.0000 -26.0000
-57.0000 -26.0000
-57.0000 -23.0000
END
19 -54.0000 -23.0000
-51.0000 -23.0000
-51.0000 -26.0000
-54.0000 -26.0000
-54.0000 -23.0000
END
20 -60.0000 -26.0000
-57.0000 -26.0000
-57.0000 -29.0000
-60.0000 -29.0000
-60.0000 -26.0000
END
21 -57.0000 -26.0000
-54.0000 -26.0000
-54.0000 -29.0000
-57.0000 -29.0000
-57.0000 -26.0000
END
22 -54.0000 -26.0000
-51.0000 -26.0000
-51.0000 -29.0000
-54.0000 -29.0000
-54.0000 -26.0000
END
