1 -105.0000 25.0000
-102.0000 25.0000
-102.0000 22.0000
-105.0000 22.0000
-105.0000 25.0000
END
2 -102.0000 25.0000
-99.0000 25.0000
-99.0000 22.0000
-102.0000 22.0000
-102.0000 25.0000
END
3 -99.0000 25.0000
-96.0000 25.0000
-96.0000 22.0000
-99.0000 22.0000
-99.0000 25.0000
END
4 -105.0000 22.0000
-102.0000 22.0000
-102.0000 19.0000
-105.0000 19.0000
-105.0000 22.0000
END
5 -102.0000 22.0000
-99.0000 22.0000
-99.0000 19.0000
-102.0000 19.0000
-102.0000 22.0000
END
6 -99.0000 22.0000
-96.0000 22.0000
-96.0000 19.0000
-99.0000 19.0000
-99.0000 22.0000
END
7 -96.0000 22.0000
-93.0000 22.0000
-93.0000 19.0000
-96.0000 19.0000
-96.0000 22.0000
END
8 -93.0000 22.0000
-90.0000 22.0000
-90.0000 19.0000
-93.0000 19.0000
-93.0000 22.0000
END
9 -90.0000 22.0000
-87.0000 22.0000
-87.0000 19.0000
-90.0000 19.0000
-90.0000 22.0000
END
10 -87.0000 22.0000
-84.0000 22.0000
-84.0000 19.0000
-87.0000 19.0000
-87.0000 22.0000
END
11 -105.0000 19.0000
-102.0000 19.0000
-102.0000 16.0000
-105.0000 16.0000
-105.0000 19.0000
END
12 -102.0000 19.0000
-99.0000 19.0000
-99.0000 16.0000
-102.0000 16.0000
-102.0000 19.0000
END
13 -99.0000 19.0000
-96.0000 19.0000
-96.0000 16.0000
-99.0000 16.0000
-99.0000 19.0000
END
14 -96.0000 19.0000
-93.0000 19.0000
-93.0000 16.0000
-96.0000 16.0000
-96.0000 19.0000
END
15 -93.0000 19.0000
-90.0000 19.0000
-90.0000 16.0000
-93.0000 16.0000
-93.0000 19.0000
END
16 -90.0000 19.0000
-87.0000 19.0000
-87.0000 16.0000
-90.0000 16.0000
-90.0000 19.0000
END
17 -87.0000 19.0000
-84.0000 19.0000
-84.0000 16.0000
-87.0000 16.0000
-87.0000 19.0000
END
18 -99.0000 16.0000
-96.0000 16.0000
-96.0000 13.0000
-99.0000 13.0000
-99.0000 16.0000
END
19 -96.0000 16.0000
-93.0000 16.0000
-93.0000 13.0000
-96.0000 13.0000
-96.0000 16.0000
END
20 -93.0000 16.0000
-90.0000 16.0000
-90.0000 13.0000
-93.0000 13.0000
-93.0000 16.0000
END
21 -90.0000 16.0000
-87.0000 16.0000
-87.0000 13.0000
-90.0000 13.0000
-90.0000 16.0000
END
22 -87.0000 16.0000
-84.0000 16.0000
-84.0000 13.0000
-87.0000 13.0000
-87.0000 16.0000
END
23 -90.0000 13.0000
-87.0000 13.0000
-87.0000 10.0000
-90.0000 10.0000
-90.0000 13.0000
END
24 -87.0000 13.0000
-84.0000 13.0000
-84.0000 10.0000
-87.0000 10.0000
-87.0000 13.0000
END
25 -84.0000 13.0000
-81.0000 13.0000
-81.0000 10.0000
-84.0000 10.0000
-84.0000 13.0000
END
26 -87.0000 10.0000
-84.0000 10.0000
-84.0000 7.0000
-87.0000 7.0000
-87.0000 10.0000
END
27 -84.0000 10.0000
-81.0000 10.0000
-81.0000 7.0000
-84.0000 7.0000
-84.0000 10.0000
END
