1 -72.0000 13.0000
-69.0000 13.0000
-69.0000 10.0000
-72.0000 10.0000
-72.0000 13.0000
END
2 -69.0000 13.0000
-66.0000 13.0000
-66.0000 10.0000
-69.0000 10.0000
-69.0000 13.0000
END
3 -66.0000 13.0000
-63.0000 13.0000
-63.0000 10.0000
-66.0000 10.0000
-66.0000 13.0000
END
4 -63.0000 13.0000
-60.0000 13.0000
-60.0000 10.0000
-63.0000 10.0000
-63.0000 13.0000
END
5 -78.0000 10.0000
-75.0000 10.0000
-75.0000 7.0000
-78.0000 7.0000
-78.0000 10.0000
END
6 -75.0000 10.0000
-72.0000 10.0000
-72.0000 7.0000
-75.0000 7.0000
-75.0000 10.0000
END
7 -72.0000 10.0000
-69.0000 10.0000
-69.0000 7.0000
-72.0000 7.0000
-72.0000 10.0000
END
8 -69.0000 10.0000
-66.0000 10.0000
-66.0000 7.0000
-69.0000 7.0000
-69.0000 10.0000
END
9 -66.0000 10.0000
-63.0000 10.0000
-63.0000 7.0000
-66.0000 7.0000
-66.0000 10.0000
END
10 -63.0000 10.0000
-60.0000 10.0000
-60.0000 7.0000
-63.0000 7.0000
-63.0000 10.0000
END
11 -60.0000 10.0000
-57.0000 10.0000
-57.0000 7.0000
-60.0000 7.0000
-60.0000 10.0000
END
12 -78.0000 7.0000
-75.0000 7.0000
-75.0000 4.0000
-78.0000 4.0000
-78.0000 7.0000
END
13 -75.0000 7.0000
-72.0000 7.0000
-72.0000 4.0000
-75.0000 4.0000
-75.0000 7.0000
END
14 -72.0000 7.0000
-69.0000 7.0000
-69.0000 4.0000
-72.0000 4.0000
-72.0000 7.0000
END
15 -69.0000 7.0000
-66.0000 7.0000
-66.0000 4.0000
-69.0000 4.0000
-69.0000 7.0000
END
16 -66.0000 7.0000
-63.0000 7.0000
-63.0000 4.0000
-66.0000 4.0000
-66.0000 7.0000
END
17 -63.0000 7.0000
-60.0000 7.0000
-60.0000 4.0000
-63.0000 4.0000
-63.0000 7.0000
END
18 -60.0000 7.0000
-57.0000 7.0000
-57.0000 4.0000
-60.0000 4.0000
-60.0000 7.0000
END
19 -57.0000 7.0000
-54.0000 7.0000
-54.0000 4.0000
-57.0000 4.0000
-57.0000 7.0000
END
20 -78.0000 4.0000
-75.0000 4.0000
-75.0000 1.0000
-78.0000 1.0000
-78.0000 4.0000
END
21 -75.0000 4.0000
-72.0000 4.0000
-72.0000 1.0000
-75.0000 1.0000
-75.0000 4.0000
END
22 -72.0000 4.0000
-69.0000 4.0000
-69.0000 1.0000
-72.0000 1.0000
-72.0000 4.0000
END
23 -69.0000 4.0000
-66.0000 4.0000
-66.0000 1.0000
-69.0000 1.0000
-69.0000 4.0000
END
24 -66.0000 4.0000
-63.0000 4.0000
-63.0000 1.0000
-66.0000 1.0000
-66.0000 4.0000
END
25 -63.0000 4.0000
-60.0000 4.0000
-60.0000 1.0000
-63.0000 1.0000
-63.0000 4.0000
END
26 -60.0000 4.0000
-57.0000 4.0000
-57.0000 1.0000
-60.0000 1.0000
-60.0000 4.0000
END
27 -57.0000 4.0000
-54.0000 4.0000
-54.0000 1.0000
-57.0000 1.0000
-57.0000 4.0000
END
28 -54.0000 4.0000
-51.0000 4.0000
-51.0000 1.0000
-54.0000 1.0000
-54.0000 4.0000
END
29 -81.0000 1.0000
-78.0000 1.0000
-78.0000 -2.0000
-81.0000 -2.0000
-81.0000 1.0000
END
30 -78.0000 1.0000
-75.0000 1.0000
-75.0000 -2.0000
-78.0000 -2.0000
-78.0000 1.0000
END
31 -75.0000 1.0000
-72.0000 1.0000
-72.0000 -2.0000
-75.0000 -2.0000
-75.0000 1.0000
END
32 -72.0000 1.0000
-69.0000 1.0000
-69.0000 -2.0000
-72.0000 -2.0000
-72.0000 1.0000
END
33 -69.0000 1.0000
-66.0000 1.0000
-66.0000 -2.0000
-69.0000 -2.0000
-69.0000 1.0000
END
34 -66.0000 1.0000
-63.0000 1.0000
-63.0000 -2.0000
-66.0000 -2.0000
-66.0000 1.0000
END
35 -63.0000 1.0000
-60.0000 1.0000
-60.0000 -2.0000
-63.0000 -2.0000
-63.0000 1.0000
END
36 -60.0000 1.0000
-57.0000 1.0000
-57.0000 -2.0000
-60.0000 -2.0000
-60.0000 1.0000
END
37 -57.0000 1.0000
-54.0000 1.0000
-54.0000 -2.0000
-57.0000 -2.0000
-57.0000 1.0000
END
38 -54.0000 1.0000
-51.0000 1.0000
-51.0000 -2.0000
-54.0000 -2.0000
-54.0000 1.0000
END
39 -51.0000 1.0000
-48.0000 1.0000
-48.0000 -2.0000
-51.0000 -2.0000
-51.0000 1.0000
END
40 -48.0000 1.0000
-45.0000 1.0000
-45.0000 -2.0000
-48.0000 -2.0000
-48.0000 1.0000
END
41 -81.0000 -2.0000
-78.0000 -2.0000
-78.0000 -5.0000
-81.0000 -5.0000
-81.0000 -2.0000
END
42 -78.0000 -2.0000
-75.0000 -2.0000
-75.0000 -5.0000
-78.0000 -5.0000
-78.0000 -2.0000
END
43 -75.0000 -2.0000
-72.0000 -2.0000
-72.0000 -5.0000
-75.0000 -5.0000
-75.0000 -2.0000
END
44 -72.0000 -2.0000
-69.0000 -2.0000
-69.0000 -5.0000
-72.0000 -5.0000
-72.0000 -2.0000
END
45 -69.0000 -2.0000
-66.0000 -2.0000
-66.0000 -5.0000
-69.0000 -5.0000
-69.0000 -2.0000
END
46 -66.0000 -2.0000
-63.0000 -2.0000
-63.0000 -5.0000
-66.0000 -5.0000
-66.0000 -2.0000
END
47 -63.0000 -2.0000
-60.0000 -2.0000
-60.0000 -5.0000
-63.0000 -5.0000
-63.0000 -2.0000
END
48 -60.0000 -2.0000
-57.0000 -2.0000
-57.0000 -5.0000
-60.0000 -5.0000
-60.0000 -2.0000
END
49 -57.0000 -2.0000
-54.0000 -2.0000
-54.0000 -5.0000
-57.0000 -5.0000
-57.0000 -2.0000
END
50 -54.0000 -2.0000
-51.0000 -2.0000
-51.0000 -5.0000
-54.0000 -5.0000
-54.0000 -2.0000
END
51 -51.0000 -2.0000
-48.0000 -2.0000
-48.0000 -5.0000
-51.0000 -5.0000
-51.0000 -2.0000
END
52 -48.0000 -2.0000
-45.0000 -2.0000
-45.0000 -5.0000
-48.0000 -5.0000
-48.0000 -2.0000
END
53 -45.0000 -2.0000
-42.0000 -2.0000
-42.0000 -5.0000
-45.0000 -5.0000
-45.0000 -2.0000
END
54 -81.0000 -5.0000
-78.0000 -5.0000
-78.0000 -8.0000
-81.0000 -8.0000
-81.0000 -5.0000
END
55 -78.0000 -5.0000
-75.0000 -5.0000
-75.0000 -8.0000
-78.0000 -8.0000
-78.0000 -5.0000
END
56 -75.0000 -5.0000
-72.0000 -5.0000
-72.0000 -8.0000
-75.0000 -8.0000
-75.0000 -5.0000
END
57 -72.0000 -5.0000
-69.0000 -5.0000
-69.0000 -8.0000
-72.0000 -8.0000
-72.0000 -5.0000
END
58 -69.0000 -5.0000
-66.0000 -5.0000
-66.0000 -8.0000
-69.0000 -8.0000
-69.0000 -5.0000
END
59 -66.0000 -5.0000
-63.0000 -5.0000
-63.0000 -8.0000
-66.0000 -8.0000
-66.0000 -5.0000
END
60 -63.0000 -5.0000
-60.0000 -5.0000
-60.0000 -8.0000
-63.0000 -8.0000
-63.0000 -5.0000
END
61 -60.0000 -5.0000
-57.0000 -5.0000
-57.0000 -8.0000
-60.0000 -8.0000
-60.0000 -5.0000
END
62 -57.0000 -5.0000
-54.0000 -5.0000
-54.0000 -8.0000
-57.0000 -8.0000
-57.0000 -5.0000
END
63 -54.0000 -5.0000
-51.0000 -5.0000
-51.0000 -8.0000
-54.0000 -8.0000
-54.0000 -5.0000
END
64 -51.0000 -5.0000
-48.0000 -5.0000
-48.0000 -8.0000
-51.0000 -8.0000
-51.0000 -5.0000
END
65 -48.0000 -5.0000
-45.0000 -5.0000
-45.0000 -8.0000
-48.0000 -8.0000
-48.0000 -5.0000
END
66 -45.0000 -5.0000
-42.0000 -5.0000
-42.0000 -8.0000
-45.0000 -8.0000
-45.0000 -5.0000
END
67 -42.0000 -5.0000
-39.0000 -5.0000
-39.0000 -8.0000
-42.0000 -8.0000
-42.0000 -5.0000
END
68 -39.0000 -5.0000
-36.0000 -5.0000
-36.0000 -8.0000
-39.0000 -8.0000
-39.0000 -5.0000
END
69 -36.0000 -5.0000
-33.0000 -5.0000
-33.0000 -8.0000
-36.0000 -8.0000
-36.0000 -5.0000
END
70 -78.0000 -8.0000
-75.0000 -8.0000
-75.0000 -11.0000
-78.0000 -11.0000
-78.0000 -8.0000
END
71 -75.0000 -8.0000
-72.0000 -8.0000
-72.0000 -11.0000
-75.0000 -11.0000
-75.0000 -8.0000
END
72 -72.0000 -8.0000
-69.0000 -8.0000
-69.0000 -11.0000
-72.0000 -11.0000
-72.0000 -8.0000
END
73 -69.0000 -8.0000
-66.0000 -8.0000
-66.0000 -11.0000
-69.0000 -11.0000
-69.0000 -8.0000
END
74 -66.0000 -8.0000
-63.0000 -8.0000
-63.0000 -11.0000
-66.0000 -11.0000
-66.0000 -8.0000
END
75 -63.0000 -8.0000
-60.0000 -8.0000
-60.0000 -11.0000
-63.0000 -11.0000
-63.0000 -8.0000
END
76 -60.0000 -8.0000
-57.0000 -8.0000
-57.0000 -11.0000
-60.0000 -11.0000
-60.0000 -8.0000
END
77 -57.0000 -8.0000
-54.0000 -8.0000
-54.0000 -11.0000
-57.0000 -11.0000
-57.0000 -8.0000
END
78 -54.0000 -8.0000
-51.0000 -8.0000
-51.0000 -11.0000
-54.0000 -11.0000
-54.0000 -8.0000
END
79 -51.0000 -8.0000
-48.0000 -8.0000
-48.0000 -11.0000
-51.0000 -11.0000
-51.0000 -8.0000
END
80 -48.0000 -8.0000
-45.0000 -8.0000
-45.0000 -11.0000
-48.0000 -11.0000
-48.0000 -8.0000
END
81 -45.0000 -8.0000
-42.0000 -8.0000
-42.0000 -11.0000
-45.0000 -11.0000
-45.0000 -8.0000
END
82 -42.0000 -8.0000
-39.0000 -8.0000
-39.0000 -11.0000
-42.0000 -11.0000
-42.0000 -8.0000
END
83 -39.0000 -8.0000
-36.0000 -8.0000
-36.0000 -11.0000
-39.0000 -11.0000
-39.0000 -8.0000
END
84 -36.0000 -8.0000
-33.0000 -8.0000
-33.0000 -11.0000
-36.0000 -11.0000
-36.0000 -8.0000
END
85 -78.0000 -11.0000
-75.0000 -11.0000
-75.0000 -14.0000
-78.0000 -14.0000
-78.0000 -11.0000
END
86 -75.0000 -11.0000
-72.0000 -11.0000
-72.0000 -14.0000
-75.0000 -14.0000
-75.0000 -11.0000
END
87 -72.0000 -11.0000
-69.0000 -11.0000
-69.0000 -14.0000
-72.0000 -14.0000
-72.0000 -11.0000
END
88 -69.0000 -11.0000
-66.0000 -11.0000
-66.0000 -14.0000
-69.0000 -14.0000
-69.0000 -11.0000
END
89 -66.0000 -11.0000
-63.0000 -11.0000
-63.0000 -14.0000
-66.0000 -14.0000
-66.0000 -11.0000
END
90 -63.0000 -11.0000
-60.0000 -11.0000
-60.0000 -14.0000
-63.0000 -14.0000
-63.0000 -11.0000
END
91 -60.0000 -11.0000
-57.0000 -11.0000
-57.0000 -14.0000
-60.0000 -14.0000
-60.0000 -11.0000
END
92 -57.0000 -11.0000
-54.0000 -11.0000
-54.0000 -14.0000
-57.0000 -14.0000
-57.0000 -11.0000
END
93 -54.0000 -11.0000
-51.0000 -11.0000
-51.0000 -14.0000
-54.0000 -14.0000
-54.0000 -11.0000
END
94 -51.0000 -11.0000
-48.0000 -11.0000
-48.0000 -14.0000
-51.0000 -14.0000
-51.0000 -11.0000
END
95 -48.0000 -11.0000
-45.0000 -11.0000
-45.0000 -14.0000
-48.0000 -14.0000
-48.0000 -11.0000
END
96 -45.0000 -11.0000
-42.0000 -11.0000
-42.0000 -14.0000
-45.0000 -14.0000
-45.0000 -11.0000
END
97 -42.0000 -11.0000
-39.0000 -11.0000
-39.0000 -14.0000
-42.0000 -14.0000
-42.0000 -11.0000
END
98 -39.0000 -11.0000
-36.0000 -11.0000
-36.0000 -14.0000
-39.0000 -14.0000
-39.0000 -11.0000
END
99 -75.0000 -14.0000
-72.0000 -14.0000
-72.0000 -17.0000
-75.0000 -17.0000
-75.0000 -14.0000
END
100 -72.0000 -14.0000
-69.0000 -14.0000
-69.0000 -17.0000
-72.0000 -17.0000
-72.0000 -14.0000
END
101 -69.0000 -14.0000
-66.0000 -14.0000
-66.0000 -17.0000
-69.0000 -17.0000
-69.0000 -14.0000
END
102 -66.0000 -14.0000
-63.0000 -14.0000
-63.0000 -17.0000
-66.0000 -17.0000
-66.0000 -14.0000
END
103 -63.0000 -14.0000
-60.0000 -14.0000
-60.0000 -17.0000
-63.0000 -17.0000
-63.0000 -14.0000
END
104 -60.0000 -14.0000
-57.0000 -14.0000
-57.0000 -17.0000
-60.0000 -17.0000
-60.0000 -14.0000
END
105 -57.0000 -14.0000
-54.0000 -14.0000
-54.0000 -17.0000
-57.0000 -17.0000
-57.0000 -14.0000
END
106 -54.0000 -14.0000
-51.0000 -14.0000
-51.0000 -17.0000
-54.0000 -17.0000
-54.0000 -14.0000
END
107 -51.0000 -14.0000
-48.0000 -14.0000
-48.0000 -17.0000
-51.0000 -17.0000
-51.0000 -14.0000
END
108 -48.0000 -14.0000
-45.0000 -14.0000
-45.0000 -17.0000
-48.0000 -17.0000
-48.0000 -14.0000
END
109 -45.0000 -14.0000
-42.0000 -14.0000
-42.0000 -17.0000
-45.0000 -17.0000
-45.0000 -14.0000
END
110 -42.0000 -14.0000
-39.0000 -14.0000
-39.0000 -17.0000
-42.0000 -17.0000
-42.0000 -14.0000
END
111 -39.0000 -14.0000
-36.0000 -14.0000
-36.0000 -17.0000
-39.0000 -17.0000
-39.0000 -14.0000
END
112 -72.0000 -17.0000
-69.0000 -17.0000
-69.0000 -20.0000
-72.0000 -20.0000
-72.0000 -17.0000
END
113 -69.0000 -17.0000
-66.0000 -17.0000
-66.0000 -20.0000
-69.0000 -20.0000
-69.0000 -17.0000
END
114 -66.0000 -17.0000
-63.0000 -17.0000
-63.0000 -20.0000
-66.0000 -20.0000
-66.0000 -17.0000
END
115 -63.0000 -17.0000
-60.0000 -17.0000
-60.0000 -20.0000
-63.0000 -20.0000
-63.0000 -17.0000
END
116 -60.0000 -17.0000
-57.0000 -17.0000
-57.0000 -20.0000
-60.0000 -20.0000
-60.0000 -17.0000
END
117 -57.0000 -17.0000
-54.0000 -17.0000
-54.0000 -20.0000
-57.0000 -20.0000
-57.0000 -17.0000
END
118 -54.0000 -17.0000
-51.0000 -17.0000
-51.0000 -20.0000
-54.0000 -20.0000
-54.0000 -17.0000
END
119 -51.0000 -17.0000
-48.0000 -17.0000
-48.0000 -20.0000
-51.0000 -20.0000
-51.0000 -17.0000
END
120 -48.0000 -17.0000
-45.0000 -17.0000
-45.0000 -20.0000
-48.0000 -20.0000
-48.0000 -17.0000
END
121 -45.0000 -17.0000
-42.0000 -17.0000
-42.0000 -20.0000
-45.0000 -20.0000
-45.0000 -17.0000
END
122 -42.0000 -17.0000
-39.0000 -17.0000
-39.0000 -20.0000
-42.0000 -20.0000
-42.0000 -17.0000
END
123 -39.0000 -17.0000
-36.0000 -17.0000
-36.0000 -20.0000
-39.0000 -20.0000
-39.0000 -17.0000
END
124 -66.0000 -20.0000
-63.0000 -20.0000
-63.0000 -23.0000
-66.0000 -23.0000
-66.0000 -20.0000
END
125 -63.0000 -20.0000
-60.0000 -20.0000
-60.0000 -23.0000
-63.0000 -23.0000
-63.0000 -20.0000
END
126 -60.0000 -20.0000
-57.0000 -20.0000
-57.0000 -23.0000
-60.0000 -23.0000
-60.0000 -20.0000
END
127 -57.0000 -20.0000
-54.0000 -20.0000
-54.0000 -23.0000
-57.0000 -23.0000
-57.0000 -20.0000
END
128 -54.0000 -20.0000
-51.0000 -20.0000
-51.0000 -23.0000
-54.0000 -23.0000
-54.0000 -20.0000
END
129 -51.0000 -20.0000
-48.0000 -20.0000
-48.0000 -23.0000
-51.0000 -23.0000
-51.0000 -20.0000
END
130 -48.0000 -20.0000
-45.0000 -20.0000
-45.0000 -23.0000
-48.0000 -23.0000
-48.0000 -20.0000
END
131 -45.0000 -20.0000
-42.0000 -20.0000
-42.0000 -23.0000
-45.0000 -23.0000
-45.0000 -20.0000
END
132 -42.0000 -20.0000
-39.0000 -20.0000
-39.0000 -23.0000
-42.0000 -23.0000
-42.0000 -20.0000
END
133 -63.0000 -23.0000
-60.0000 -23.0000
-60.0000 -26.0000
-63.0000 -26.0000
-63.0000 -23.0000
END
134 -60.0000 -23.0000
-57.0000 -23.0000
-57.0000 -26.0000
-60.0000 -26.0000
-60.0000 -23.0000
END
135 -57.0000 -23.0000
-54.0000 -23.0000
-54.0000 -26.0000
-57.0000 -26.0000
-57.0000 -23.0000
END
136 -54.0000 -23.0000
-51.0000 -23.0000
-51.0000 -26.0000
-54.0000 -26.0000
-54.0000 -23.0000
END
137 -51.0000 -23.0000
-48.0000 -23.0000
-48.0000 -26.0000
-51.0000 -26.0000
-51.0000 -23.0000
END
138 -48.0000 -23.0000
-45.0000 -23.0000
-45.0000 -26.0000
-48.0000 -26.0000
-48.0000 -23.0000
END
139 -45.0000 -23.0000
-42.0000 -23.0000
-42.0000 -26.0000
-45.0000 -26.0000
-45.0000 -23.0000
END
140 -42.0000 -23.0000
-39.0000 -23.0000
-39.0000 -26.0000
-42.0000 -26.0000
-42.0000 -23.0000
END
141 -63.0000 -26.0000
-60.0000 -26.0000
-60.0000 -29.0000
-63.0000 -29.0000
-63.0000 -26.0000
END
142 -60.0000 -26.0000
-57.0000 -26.0000
-57.0000 -29.0000
-60.0000 -29.0000
-60.0000 -26.0000
END
143 -57.0000 -26.0000
-54.0000 -26.0000
-54.0000 -29.0000
-57.0000 -29.0000
-57.0000 -26.0000
END
144 -54.0000 -26.0000
-51.0000 -26.0000
-51.0000 -29.0000
-54.0000 -29.0000
-54.0000 -26.0000
END
145 -51.0000 -26.0000
-48.0000 -26.0000
-48.0000 -29.0000
-51.0000 -29.0000
-51.0000 -26.0000
END
146 -48.0000 -26.0000
-45.0000 -26.0000
-45.0000 -29.0000
-48.0000 -29.0000
-48.0000 -26.0000
END
147 -57.0000 -29.0000
-54.0000 -29.0000
-54.0000 -32.0000
-57.0000 -32.0000
-57.0000 -29.0000
END
148 -54.0000 -29.0000
-51.0000 -29.0000
-51.0000 -32.0000
-54.0000 -32.0000
-54.0000 -29.0000
END
149 -51.0000 -29.0000
-48.0000 -29.0000
-48.0000 -32.0000
-51.0000 -32.0000
-51.0000 -29.0000
END
