1 -60.0000 10.0000
-57.0000 10.0000
-57.0000 7.0000
-60.0000 7.0000
-60.0000 10.0000
END
2 -60.0000 7.0000
-57.0000 7.0000
-57.0000 4.0000
-60.0000 4.0000
-60.0000 7.0000
END
3 -60.0000 4.0000
-57.0000 4.0000
-57.0000 1.0000
-60.0000 1.0000
-60.0000 4.0000
END
4 -51.0000 4.0000
-48.0000 4.0000
-48.0000 1.0000
-51.0000 1.0000
-51.0000 4.0000
END
5 -57.0000 7.0000
-54.0000 7.0000
-54.0000 4.0000
-57.0000 4.0000
-57.0000 7.0000
END
6 -54.0000 7.0000
-51.0000 7.0000
-51.0000 4.0000
-54.0000 4.0000
-54.0000 7.0000
END
7 -57.0000 4.0000
-54.0000 4.0000
-54.0000 1.0000
-57.0000 1.0000
-57.0000 4.0000
END
8 -54.0000 4.0000
-51.0000 4.0000
-51.0000 1.0000
-54.0000 1.0000
-54.0000 4.0000
END
