1 -72.0000 13.0000
-69.0000 13.0000
-69.0000 10.0000
-72.0000 10.0000
-72.0000 13.0000
END
2 -69.0000 13.0000
-66.0000 13.0000
-66.0000 10.0000
-69.0000 10.0000
-69.0000 13.0000
END
3 -66.0000 13.0000
-63.0000 13.0000
-63.0000 10.0000
-66.0000 10.0000
-66.0000 13.0000
END
4 -72.0000 10.0000
-69.0000 10.0000
-69.0000 7.0000
-72.0000 7.0000
-72.0000 10.0000
END
5 -69.0000 10.0000
-66.0000 10.0000
-66.0000 7.0000
-69.0000 7.0000
-69.0000 10.0000
END
6 -66.0000 10.0000
-63.0000 10.0000
-63.0000 7.0000
-66.0000 7.0000
-66.0000 10.0000
END
7 -72.0000 7.0000
-69.0000 7.0000
-69.0000 4.0000
-72.0000 4.0000
-72.0000 7.0000
END
8 -69.0000 7.0000
-66.0000 7.0000
-66.0000 4.0000
-69.0000 4.0000
-69.0000 7.0000
END
9 -66.0000 7.0000
-63.0000 7.0000
-63.0000 4.0000
-66.0000 4.0000
-66.0000 7.0000
END
