1 -87.0000 13.0000
-84.0000 13.0000
-84.0000 10.0000
-87.0000 10.0000
-87.0000 13.0000
END
2 -87.0000 10.0000
-84.0000 10.0000
-84.0000 7.0000
-87.0000 7.0000
-87.0000 10.0000
END
3 -63.0000 16.0000
-60.0000 16.0000
-60.0000 13.0000
-63.0000 13.0000
-63.0000 16.0000
END
4 -69.0000 13.0000
-66.0000 13.0000
-66.0000 10.0000
-69.0000 10.0000
-69.0000 13.0000
END
5 -66.0000 13.0000
-63.0000 13.0000
-63.0000 10.0000
-66.0000 10.0000
-66.0000 13.0000
END
6 -63.0000 13.0000
-60.0000 13.0000
-60.0000 10.0000
-63.0000 10.0000
-63.0000 13.0000
END
7 -69.0000 10.0000
-66.0000 10.0000
-66.0000 7.0000
-69.0000 7.0000
-69.0000 10.0000
END
8 -66.0000 10.0000
-63.0000 10.0000
-63.0000 7.0000
-66.0000 7.0000
-66.0000 10.0000
END
9 -63.0000 10.0000
-60.0000 10.0000
-60.0000 7.0000
-63.0000 7.0000
-63.0000 10.0000
END
10 -72.0000 7.0000
-69.0000 7.0000
-69.0000 4.0000
-72.0000 4.0000
-72.0000 7.0000
END
11 -69.0000 7.0000
-66.0000 7.0000
-66.0000 4.0000
-69.0000 4.0000
-69.0000 7.0000
END
12 -66.0000 7.0000
-63.0000 7.0000
-63.0000 4.0000
-66.0000 4.0000
-66.0000 7.0000
END
13 -63.0000 7.0000
-60.0000 7.0000
-60.0000 4.0000
-63.0000 4.0000
-63.0000 7.0000
END
14 -72.0000 4.0000
-69.0000 4.0000
-69.0000 1.0000
-72.0000 1.0000
-72.0000 4.0000
END
15 -69.0000 4.0000
-66.0000 4.0000
-66.0000 1.0000
-69.0000 1.0000
-69.0000 4.0000
END
16 -84.0000 13.0000
-81.0000 13.0000
-81.0000 10.0000
-84.0000 10.0000
-84.0000 13.0000
END
17 -84.0000 10.0000
-81.0000 10.0000
-81.0000 7.0000
-84.0000 7.0000
-84.0000 10.0000
END
18 -81.0000 13.0000
-78.0000 13.0000
-78.0000 10.0000
-81.0000 10.0000
-81.0000 13.0000
END
19 -78.0000 4.0000
-75.0000 4.0000
-75.0000 1.0000
-78.0000 1.0000
-78.0000 4.0000
END
20 -75.0000 4.0000
-72.0000 4.0000
-72.0000 1.0000
-75.0000 1.0000
-75.0000 4.0000
END
21 -72.0000 13.0000
-69.0000 13.0000
-69.0000 10.0000
-72.0000 10.0000
-72.0000 13.0000
END
22 -72.0000 10.0000
-69.0000 10.0000
-69.0000 7.0000
-72.0000 7.0000
-72.0000 10.0000
END
23 -78.0000 13.0000
-75.0000 13.0000
-75.0000 10.0000
-78.0000 10.0000
-78.0000 13.0000
END
24 -75.0000 13.0000
-72.0000 13.0000
-72.0000 10.0000
-75.0000 10.0000
-75.0000 13.0000
END
25 -81.0000 10.0000
-78.0000 10.0000
-78.0000 7.0000
-81.0000 7.0000
-81.0000 10.0000
END
26 -78.0000 10.0000
-75.0000 10.0000
-75.0000 7.0000
-78.0000 7.0000
-78.0000 10.0000
END
27 -75.0000 10.0000
-72.0000 10.0000
-72.0000 7.0000
-75.0000 7.0000
-75.0000 10.0000
END
28 -81.0000 7.0000
-78.0000 7.0000
-78.0000 4.0000
-81.0000 4.0000
-81.0000 7.0000
END
29 -78.0000 7.0000
-75.0000 7.0000
-75.0000 4.0000
-78.0000 4.0000
-78.0000 7.0000
END
30 -75.0000 7.0000
-72.0000 7.0000
-72.0000 4.0000
-75.0000 4.0000
-75.0000 7.0000
END
