1 -54.0000 4.0000
-51.0000 4.0000
-51.0000 1.0000
-54.0000 1.0000
-54.0000 4.0000
END
2 -54.0000 1.0000
-51.0000 1.0000
-51.0000 -2.0000
-54.0000 -2.0000
-54.0000 1.0000
END
3 -54.0000 -2.0000
-51.0000 -2.0000
-51.0000 -5.0000
-54.0000 -5.0000
-54.0000 -2.0000
END
4 -78.0000 -5.0000
-75.0000 -5.0000
-75.0000 -8.0000
-78.0000 -8.0000
-78.0000 -5.0000
END
5 -78.0000 -8.0000
-75.0000 -8.0000
-75.0000 -11.0000
-78.0000 -11.0000
-78.0000 -8.0000
END
6 -75.0000 -11.0000
-72.0000 -11.0000
-72.0000 -14.0000
-75.0000 -14.0000
-75.0000 -11.0000
END
7 -78.0000 -2.0000
-75.0000 -2.0000
-75.0000 -5.0000
-78.0000 -5.0000
-78.0000 -2.0000
END
8 -72.0000 7.0000
-69.0000 7.0000
-69.0000 4.0000
-72.0000 4.0000
-72.0000 7.0000
END
9 -69.0000 7.0000
-66.0000 7.0000
-66.0000 4.0000
-69.0000 4.0000
-69.0000 7.0000
END
10 -66.0000 7.0000
-63.0000 7.0000
-63.0000 4.0000
-66.0000 4.0000
-66.0000 7.0000
END
11 -63.0000 7.0000
-60.0000 7.0000
-60.0000 4.0000
-63.0000 4.0000
-63.0000 7.0000
END
12 -75.0000 4.0000
-72.0000 4.0000
-72.0000 1.0000
-75.0000 1.0000
-75.0000 4.0000
END
13 -72.0000 4.0000
-69.0000 4.0000
-69.0000 1.0000
-72.0000 1.0000
-72.0000 4.0000
END
14 -69.0000 4.0000
-66.0000 4.0000
-66.0000 1.0000
-69.0000 1.0000
-69.0000 4.0000
END
15 -66.0000 4.0000
-63.0000 4.0000
-63.0000 1.0000
-66.0000 1.0000
-66.0000 4.0000
END
16 -63.0000 4.0000
-60.0000 4.0000
-60.0000 1.0000
-63.0000 1.0000
-63.0000 4.0000
END
17 -60.0000 4.0000
-57.0000 4.0000
-57.0000 1.0000
-60.0000 1.0000
-60.0000 4.0000
END
18 -57.0000 4.0000
-54.0000 4.0000
-54.0000 1.0000
-57.0000 1.0000
-57.0000 4.0000
END
19 -78.0000 1.0000
-75.0000 1.0000
-75.0000 -2.0000
-78.0000 -2.0000
-78.0000 1.0000
END
20 -75.0000 1.0000
-72.0000 1.0000
-72.0000 -2.0000
-75.0000 -2.0000
-75.0000 1.0000
END
21 -72.0000 1.0000
-69.0000 1.0000
-69.0000 -2.0000
-72.0000 -2.0000
-72.0000 1.0000
END
22 -69.0000 1.0000
-66.0000 1.0000
-66.0000 -2.0000
-69.0000 -2.0000
-69.0000 1.0000
END
23 -66.0000 1.0000
-63.0000 1.0000
-63.0000 -2.0000
-66.0000 -2.0000
-66.0000 1.0000
END
24 -63.0000 1.0000
-60.0000 1.0000
-60.0000 -2.0000
-63.0000 -2.0000
-63.0000 1.0000
END
25 -60.0000 1.0000
-57.0000 1.0000
-57.0000 -2.0000
-60.0000 -2.0000
-60.0000 1.0000
END
26 -57.0000 1.0000
-54.0000 1.0000
-54.0000 -2.0000
-57.0000 -2.0000
-57.0000 1.0000
END
27 -75.0000 -2.0000
-72.0000 -2.0000
-72.0000 -5.0000
-75.0000 -5.0000
-75.0000 -2.0000
END
28 -72.0000 -2.0000
-69.0000 -2.0000
-69.0000 -5.0000
-72.0000 -5.0000
-72.0000 -2.0000
END
29 -69.0000 -2.0000
-66.0000 -2.0000
-66.0000 -5.0000
-69.0000 -5.0000
-69.0000 -2.0000
END
30 -66.0000 -2.0000
-63.0000 -2.0000
-63.0000 -5.0000
-66.0000 -5.0000
-66.0000 -2.0000
END
31 -63.0000 -2.0000
-60.0000 -2.0000
-60.0000 -5.0000
-63.0000 -5.0000
-63.0000 -2.0000
END
32 -60.0000 -2.0000
-57.0000 -2.0000
-57.0000 -5.0000
-60.0000 -5.0000
-60.0000 -2.0000
END
33 -57.0000 -2.0000
-54.0000 -2.0000
-54.0000 -5.0000
-57.0000 -5.0000
-57.0000 -2.0000
END
34 -75.0000 -5.0000
-72.0000 -5.0000
-72.0000 -8.0000
-75.0000 -8.0000
-75.0000 -5.0000
END
35 -72.0000 -5.0000
-69.0000 -5.0000
-69.0000 -8.0000
-72.0000 -8.0000
-72.0000 -5.0000
END
36 -69.0000 -5.0000
-66.0000 -5.0000
-66.0000 -8.0000
-69.0000 -8.0000
-69.0000 -5.0000
END
37 -66.0000 -5.0000
-63.0000 -5.0000
-63.0000 -8.0000
-66.0000 -8.0000
-66.0000 -5.0000
END
38 -63.0000 -5.0000
-60.0000 -5.0000
-60.0000 -8.0000
-63.0000 -8.0000
-63.0000 -5.0000
END
39 -60.0000 -5.0000
-57.0000 -5.0000
-57.0000 -8.0000
-60.0000 -8.0000
-60.0000 -5.0000
END
40 -75.0000 -8.0000
-72.0000 -8.0000
-72.0000 -11.0000
-75.0000 -11.0000
-75.0000 -8.0000
END
41 -72.0000 -8.0000
-69.0000 -8.0000
-69.0000 -11.0000
-72.0000 -11.0000
-72.0000 -8.0000
END
42 -69.0000 -8.0000
-66.0000 -8.0000
-66.0000 -11.0000
-69.0000 -11.0000
-69.0000 -8.0000
END
43 -66.0000 -8.0000
-63.0000 -8.0000
-63.0000 -11.0000
-66.0000 -11.0000
-66.0000 -8.0000
END
44 -63.0000 -8.0000
-60.0000 -8.0000
-60.0000 -11.0000
-63.0000 -11.0000
-63.0000 -8.0000
END
45 -69.0000 -11.0000
-66.0000 -11.0000
-66.0000 -14.0000
-69.0000 -14.0000
-69.0000 -11.0000
END
