1 -78.0000 10.0000
-75.0000 10.0000
-75.0000 7.0000
-78.0000 7.0000
-78.0000 10.0000
END
2 -75.0000 10.0000
-72.0000 10.0000
-72.0000 7.0000
-75.0000 7.0000
-75.0000 10.0000
END
3 -81.0000 7.0000
-78.0000 7.0000
-78.0000 4.0000
-81.0000 4.0000
-81.0000 7.0000
END
4 -78.0000 7.0000
-75.0000 7.0000
-75.0000 4.0000
-78.0000 4.0000
-78.0000 7.0000
END
5 -75.0000 7.0000
-72.0000 7.0000
-72.0000 4.0000
-75.0000 4.0000
-75.0000 7.0000
END
6 -78.0000 4.0000
-75.0000 4.0000
-75.0000 1.0000
-78.0000 1.0000
-78.0000 4.0000
END
7 -75.0000 4.0000
-72.0000 4.0000
-72.0000 1.0000
-75.0000 1.0000
-75.0000 4.0000
END
8 -78.0000 1.0000
-75.0000 1.0000
-75.0000 -2.0000
-78.0000 -2.0000
-78.0000 1.0000
END
