1 -54.0000 7.0000
-51.0000 7.0000
-51.0000 4.0000
-54.0000 4.0000
-54.0000 7.0000
END
2 -51.0000 4.0000
-48.0000 4.0000
-48.0000 1.0000
-51.0000 1.0000
-51.0000 4.0000
END
3 -48.0000 1.0000
-45.0000 1.0000
-45.0000 -2.0000
-48.0000 -2.0000
-48.0000 1.0000
END
4 -48.0000 -2.0000
-45.0000 -2.0000
-45.0000 -5.0000
-48.0000 -5.0000
-48.0000 -2.0000
END
5 -54.0000 -8.0000
-51.0000 -8.0000
-51.0000 -11.0000
-54.0000 -11.0000
-54.0000 -8.0000
END
6 -93.0000 22.0000
-90.0000 22.0000
-90.0000 19.0000
-93.0000 19.0000
-93.0000 22.0000
END
7 -93.0000 19.0000
-90.0000 19.0000
-90.0000 16.0000
-93.0000 16.0000
-93.0000 19.0000
END
8 -90.0000 19.0000
-87.0000 19.0000
-87.0000 16.0000
-90.0000 16.0000
-90.0000 19.0000
END
9 -87.0000 19.0000
-84.0000 19.0000
-84.0000 16.0000
-87.0000 16.0000
-87.0000 19.0000
END
10 -93.0000 16.0000
-90.0000 16.0000
-90.0000 13.0000
-93.0000 13.0000
-93.0000 16.0000
END
11 -90.0000 16.0000
-87.0000 16.0000
-87.0000 13.0000
-90.0000 13.0000
-90.0000 16.0000
END
12 -87.0000 16.0000
-84.0000 16.0000
-84.0000 13.0000
-87.0000 13.0000
-87.0000 16.0000
END
13 -84.0000 16.0000
-81.0000 16.0000
-81.0000 13.0000
-84.0000 13.0000
-84.0000 16.0000
END
14 -87.0000 13.0000
-84.0000 13.0000
-84.0000 10.0000
-87.0000 10.0000
-87.0000 13.0000
END
15 -84.0000 13.0000
-81.0000 13.0000
-81.0000 10.0000
-84.0000 10.0000
-84.0000 13.0000
END
16 -81.0000 13.0000
-78.0000 13.0000
-78.0000 10.0000
-81.0000 10.0000
-81.0000 13.0000
END
17 -78.0000 13.0000
-75.0000 13.0000
-75.0000 10.0000
-78.0000 10.0000
-78.0000 13.0000
END
18 -75.0000 13.0000
-72.0000 13.0000
-72.0000 10.0000
-75.0000 10.0000
-75.0000 13.0000
END
19 -72.0000 13.0000
-69.0000 13.0000
-69.0000 10.0000
-72.0000 10.0000
-72.0000 13.0000
END
20 -69.0000 13.0000
-66.0000 13.0000
-66.0000 10.0000
-69.0000 10.0000
-69.0000 13.0000
END
21 -66.0000 13.0000
-63.0000 13.0000
-63.0000 10.0000
-66.0000 10.0000
-66.0000 13.0000
END
22 -63.0000 13.0000
-60.0000 13.0000
-60.0000 10.0000
-63.0000 10.0000
-63.0000 13.0000
END
23 -60.0000 13.0000
-57.0000 13.0000
-57.0000 10.0000
-60.0000 10.0000
-60.0000 13.0000
END
24 -87.0000 10.0000
-84.0000 10.0000
-84.0000 7.0000
-87.0000 7.0000
-87.0000 10.0000
END
25 -84.0000 10.0000
-81.0000 10.0000
-81.0000 7.0000
-84.0000 7.0000
-84.0000 10.0000
END
26 -81.0000 10.0000
-78.0000 10.0000
-78.0000 7.0000
-81.0000 7.0000
-81.0000 10.0000
END
27 -78.0000 10.0000
-75.0000 10.0000
-75.0000 7.0000
-78.0000 7.0000
-78.0000 10.0000
END
28 -75.0000 10.0000
-72.0000 10.0000
-72.0000 7.0000
-75.0000 7.0000
-75.0000 10.0000
END
29 -72.0000 10.0000
-69.0000 10.0000
-69.0000 7.0000
-72.0000 7.0000
-72.0000 10.0000
END
30 -69.0000 10.0000
-66.0000 10.0000
-66.0000 7.0000
-69.0000 7.0000
-69.0000 10.0000
END
31 -66.0000 10.0000
-63.0000 10.0000
-63.0000 7.0000
-66.0000 7.0000
-66.0000 10.0000
END
32 -63.0000 10.0000
-60.0000 10.0000
-60.0000 7.0000
-63.0000 7.0000
-63.0000 10.0000
END
33 -60.0000 10.0000
-57.0000 10.0000
-57.0000 7.0000
-60.0000 7.0000
-60.0000 10.0000
END
34 -81.0000 7.0000
-78.0000 7.0000
-78.0000 4.0000
-81.0000 4.0000
-81.0000 7.0000
END
35 -78.0000 7.0000
-75.0000 7.0000
-75.0000 4.0000
-78.0000 4.0000
-78.0000 7.0000
END
36 -75.0000 7.0000
-72.0000 7.0000
-72.0000 4.0000
-75.0000 4.0000
-75.0000 7.0000
END
37 -72.0000 7.0000
-69.0000 7.0000
-69.0000 4.0000
-72.0000 4.0000
-72.0000 7.0000
END
38 -69.0000 7.0000
-66.0000 7.0000
-66.0000 4.0000
-69.0000 4.0000
-69.0000 7.0000
END
39 -66.0000 7.0000
-63.0000 7.0000
-63.0000 4.0000
-66.0000 4.0000
-66.0000 7.0000
END
40 -63.0000 7.0000
-60.0000 7.0000
-60.0000 4.0000
-63.0000 4.0000
-63.0000 7.0000
END
41 -60.0000 7.0000
-57.0000 7.0000
-57.0000 4.0000
-60.0000 4.0000
-60.0000 7.0000
END
42 -57.0000 7.0000
-54.0000 7.0000
-54.0000 4.0000
-57.0000 4.0000
-57.0000 7.0000
END
43 -81.0000 4.0000
-78.0000 4.0000
-78.0000 1.0000
-81.0000 1.0000
-81.0000 4.0000
END
44 -78.0000 4.0000
-75.0000 4.0000
-75.0000 1.0000
-78.0000 1.0000
-78.0000 4.0000
END
45 -75.0000 4.0000
-72.0000 4.0000
-72.0000 1.0000
-75.0000 1.0000
-75.0000 4.0000
END
46 -72.0000 4.0000
-69.0000 4.0000
-69.0000 1.0000
-72.0000 1.0000
-72.0000 4.0000
END
47 -69.0000 4.0000
-66.0000 4.0000
-66.0000 1.0000
-69.0000 1.0000
-69.0000 4.0000
END
48 -66.0000 4.0000
-63.0000 4.0000
-63.0000 1.0000
-66.0000 1.0000
-66.0000 4.0000
END
49 -63.0000 4.0000
-60.0000 4.0000
-60.0000 1.0000
-63.0000 1.0000
-63.0000 4.0000
END
50 -60.0000 4.0000
-57.0000 4.0000
-57.0000 1.0000
-60.0000 1.0000
-60.0000 4.0000
END
51 -57.0000 4.0000
-54.0000 4.0000
-54.0000 1.0000
-57.0000 1.0000
-57.0000 4.0000
END
52 -54.0000 4.0000
-51.0000 4.0000
-51.0000 1.0000
-54.0000 1.0000
-54.0000 4.0000
END
53 -84.0000 1.0000
-81.0000 1.0000
-81.0000 -2.0000
-84.0000 -2.0000
-84.0000 1.0000
END
54 -81.0000 1.0000
-78.0000 1.0000
-78.0000 -2.0000
-81.0000 -2.0000
-81.0000 1.0000
END
55 -78.0000 1.0000
-75.0000 1.0000
-75.0000 -2.0000
-78.0000 -2.0000
-78.0000 1.0000
END
56 -75.0000 1.0000
-72.0000 1.0000
-72.0000 -2.0000
-75.0000 -2.0000
-75.0000 1.0000
END
57 -72.0000 1.0000
-69.0000 1.0000
-69.0000 -2.0000
-72.0000 -2.0000
-72.0000 1.0000
END
58 -69.0000 1.0000
-66.0000 1.0000
-66.0000 -2.0000
-69.0000 -2.0000
-69.0000 1.0000
END
59 -66.0000 1.0000
-63.0000 1.0000
-63.0000 -2.0000
-66.0000 -2.0000
-66.0000 1.0000
END
60 -63.0000 1.0000
-60.0000 1.0000
-60.0000 -2.0000
-63.0000 -2.0000
-63.0000 1.0000
END
61 -60.0000 1.0000
-57.0000 1.0000
-57.0000 -2.0000
-60.0000 -2.0000
-60.0000 1.0000
END
62 -57.0000 1.0000
-54.0000 1.0000
-54.0000 -2.0000
-57.0000 -2.0000
-57.0000 1.0000
END
63 -54.0000 1.0000
-51.0000 1.0000
-51.0000 -2.0000
-54.0000 -2.0000
-54.0000 1.0000
END
64 -51.0000 1.0000
-48.0000 1.0000
-48.0000 -2.0000
-51.0000 -2.0000
-51.0000 1.0000
END
65 -81.0000 -2.0000
-78.0000 -2.0000
-78.0000 -5.0000
-81.0000 -5.0000
-81.0000 -2.0000
END
66 -78.0000 -2.0000
-75.0000 -2.0000
-75.0000 -5.0000
-78.0000 -5.0000
-78.0000 -2.0000
END
67 -75.0000 -2.0000
-72.0000 -2.0000
-72.0000 -5.0000
-75.0000 -5.0000
-75.0000 -2.0000
END
68 -72.0000 -2.0000
-69.0000 -2.0000
-69.0000 -5.0000
-72.0000 -5.0000
-72.0000 -2.0000
END
69 -69.0000 -2.0000
-66.0000 -2.0000
-66.0000 -5.0000
-69.0000 -5.0000
-69.0000 -2.0000
END
70 -66.0000 -2.0000
-63.0000 -2.0000
-63.0000 -5.0000
-66.0000 -5.0000
-66.0000 -2.0000
END
71 -63.0000 -2.0000
-60.0000 -2.0000
-60.0000 -5.0000
-63.0000 -5.0000
-63.0000 -2.0000
END
72 -60.0000 -2.0000
-57.0000 -2.0000
-57.0000 -5.0000
-60.0000 -5.0000
-60.0000 -2.0000
END
73 -57.0000 -2.0000
-54.0000 -2.0000
-54.0000 -5.0000
-57.0000 -5.0000
-57.0000 -2.0000
END
74 -54.0000 -2.0000
-51.0000 -2.0000
-51.0000 -5.0000
-54.0000 -5.0000
-54.0000 -2.0000
END
75 -51.0000 -2.0000
-48.0000 -2.0000
-48.0000 -5.0000
-51.0000 -5.0000
-51.0000 -2.0000
END
76 -81.0000 -5.0000
-78.0000 -5.0000
-78.0000 -8.0000
-81.0000 -8.0000
-81.0000 -5.0000
END
77 -78.0000 -5.0000
-75.0000 -5.0000
-75.0000 -8.0000
-78.0000 -8.0000
-78.0000 -5.0000
END
78 -75.0000 -5.0000
-72.0000 -5.0000
-72.0000 -8.0000
-75.0000 -8.0000
-75.0000 -5.0000
END
79 -72.0000 -5.0000
-69.0000 -5.0000
-69.0000 -8.0000
-72.0000 -8.0000
-72.0000 -5.0000
END
80 -69.0000 -5.0000
-66.0000 -5.0000
-66.0000 -8.0000
-69.0000 -8.0000
-69.0000 -5.0000
END
81 -66.0000 -5.0000
-63.0000 -5.0000
-63.0000 -8.0000
-66.0000 -8.0000
-66.0000 -5.0000
END
82 -63.0000 -5.0000
-60.0000 -5.0000
-60.0000 -8.0000
-63.0000 -8.0000
-63.0000 -5.0000
END
83 -60.0000 -5.0000
-57.0000 -5.0000
-57.0000 -8.0000
-60.0000 -8.0000
-60.0000 -5.0000
END
84 -57.0000 -5.0000
-54.0000 -5.0000
-54.0000 -8.0000
-57.0000 -8.0000
-57.0000 -5.0000
END
85 -54.0000 -5.0000
-51.0000 -5.0000
-51.0000 -8.0000
-54.0000 -8.0000
-54.0000 -5.0000
END
86 -51.0000 -5.0000
-48.0000 -5.0000
-48.0000 -8.0000
-51.0000 -8.0000
-51.0000 -5.0000
END
87 -78.0000 -8.0000
-75.0000 -8.0000
-75.0000 -11.0000
-78.0000 -11.0000
-78.0000 -8.0000
END
88 -75.0000 -8.0000
-72.0000 -8.0000
-72.0000 -11.0000
-75.0000 -11.0000
-75.0000 -8.0000
END
89 -72.0000 -8.0000
-69.0000 -8.0000
-69.0000 -11.0000
-72.0000 -11.0000
-72.0000 -8.0000
END
90 -69.0000 -8.0000
-66.0000 -8.0000
-66.0000 -11.0000
-69.0000 -11.0000
-69.0000 -8.0000
END
91 -66.0000 -8.0000
-63.0000 -8.0000
-63.0000 -11.0000
-66.0000 -11.0000
-66.0000 -8.0000
END
92 -63.0000 -8.0000
-60.0000 -8.0000
-60.0000 -11.0000
-63.0000 -11.0000
-63.0000 -8.0000
END
93 -60.0000 -8.0000
-57.0000 -8.0000
-57.0000 -11.0000
-60.0000 -11.0000
-60.0000 -8.0000
END
94 -57.0000 -8.0000
-54.0000 -8.0000
-54.0000 -11.0000
-57.0000 -11.0000
-57.0000 -8.0000
END
95 -78.0000 -11.0000
-75.0000 -11.0000
-75.0000 -14.0000
-78.0000 -14.0000
-78.0000 -11.0000
END
96 -75.0000 -11.0000
-72.0000 -11.0000
-72.0000 -14.0000
-75.0000 -14.0000
-75.0000 -11.0000
END
97 -72.0000 -11.0000
-69.0000 -11.0000
-69.0000 -14.0000
-72.0000 -14.0000
-72.0000 -11.0000
END
98 -69.0000 -11.0000
-66.0000 -11.0000
-66.0000 -14.0000
-69.0000 -14.0000
-69.0000 -11.0000
END
99 -66.0000 -11.0000
-63.0000 -11.0000
-63.0000 -14.0000
-66.0000 -14.0000
-66.0000 -11.0000
END
100 -63.0000 -11.0000
-60.0000 -11.0000
-60.0000 -14.0000
-63.0000 -14.0000
-63.0000 -11.0000
END
101 -60.0000 -11.0000
-57.0000 -11.0000
-57.0000 -14.0000
-60.0000 -14.0000
-60.0000 -11.0000
END
102 -57.0000 -11.0000
-54.0000 -11.0000
-54.0000 -14.0000
-57.0000 -14.0000
-57.0000 -11.0000
END
103 -72.0000 -14.0000
-69.0000 -14.0000
-69.0000 -17.0000
-72.0000 -17.0000
-72.0000 -14.0000
END
104 -69.0000 -14.0000
-66.0000 -14.0000
-66.0000 -17.0000
-69.0000 -17.0000
-69.0000 -14.0000
END
105 -66.0000 -14.0000
-63.0000 -14.0000
-63.0000 -17.0000
-66.0000 -17.0000
-66.0000 -14.0000
END
106 -63.0000 -14.0000
-60.0000 -14.0000
-60.0000 -17.0000
-63.0000 -17.0000
-63.0000 -14.0000
END
107 -66.0000 -17.0000
-63.0000 -17.0000
-63.0000 -20.0000
-66.0000 -20.0000
-66.0000 -17.0000
END
