1 -99.0000 22.0000
-96.0000 22.0000
-96.0000 19.0000
-99.0000 19.0000
-99.0000 22.0000
END
2 -96.0000 22.0000
-93.0000 22.0000
-93.0000 19.0000
-96.0000 19.0000
-96.0000 22.0000
END
3 -93.0000 22.0000
-90.0000 22.0000
-90.0000 19.0000
-93.0000 19.0000
-93.0000 22.0000
END
4 -90.0000 22.0000
-87.0000 22.0000
-87.0000 19.0000
-90.0000 19.0000
-90.0000 22.0000
END
5 -99.0000 19.0000
-96.0000 19.0000
-96.0000 16.0000
-99.0000 16.0000
-99.0000 19.0000
END
6 -96.0000 19.0000
-93.0000 19.0000
-93.0000 16.0000
-96.0000 16.0000
-96.0000 19.0000
END
7 -93.0000 19.0000
-90.0000 19.0000
-90.0000 16.0000
-93.0000 16.0000
-93.0000 19.0000
END
8 -90.0000 19.0000
-87.0000 19.0000
-87.0000 16.0000
-90.0000 16.0000
-90.0000 19.0000
END
9 -87.0000 19.0000
-84.0000 19.0000
-84.0000 16.0000
-87.0000 16.0000
-87.0000 19.0000
END
10 -99.0000 16.0000
-96.0000 16.0000
-96.0000 13.0000
-99.0000 13.0000
-99.0000 16.0000
END
11 -96.0000 16.0000
-93.0000 16.0000
-93.0000 13.0000
-96.0000 13.0000
-96.0000 16.0000
END
12 -93.0000 16.0000
-90.0000 16.0000
-90.0000 13.0000
-93.0000 13.0000
-93.0000 16.0000
END
13 -90.0000 16.0000
-87.0000 16.0000
-87.0000 13.0000
-90.0000 13.0000
-90.0000 16.0000
END
14 -87.0000 16.0000
-84.0000 16.0000
-84.0000 13.0000
-87.0000 13.0000
-87.0000 16.0000
END
15 -90.0000 13.0000
-87.0000 13.0000
-87.0000 10.0000
-90.0000 10.0000
-90.0000 13.0000
END
16 -87.0000 13.0000
-84.0000 13.0000
-84.0000 10.0000
-87.0000 10.0000
-87.0000 13.0000
END
