1 -60.0000 -17.0000
-57.0000 -17.0000
-57.0000 -20.0000
-60.0000 -20.0000
-60.0000 -17.0000
END
2 -57.0000 -17.0000
-54.0000 -17.0000
-54.0000 -20.0000
-57.0000 -20.0000
-57.0000 -17.0000
END
3 -54.0000 -17.0000
-51.0000 -17.0000
-51.0000 -20.0000
-54.0000 -20.0000
-54.0000 -17.0000
END
4 -42.0000 -17.0000
-39.0000 -17.0000
-39.0000 -20.0000
-42.0000 -20.0000
-42.0000 -17.0000
END
5 -60.0000 -20.0000
-57.0000 -20.0000
-57.0000 -23.0000
-60.0000 -23.0000
-60.0000 -20.0000
END
6 -42.0000 -20.0000
-39.0000 -20.0000
-39.0000 -23.0000
-42.0000 -23.0000
-42.0000 -20.0000
END
7 -42.0000 -23.0000
-39.0000 -23.0000
-39.0000 -26.0000
-42.0000 -26.0000
-42.0000 -23.0000
END
8 -54.0000 -29.0000
-51.0000 -29.0000
-51.0000 -32.0000
-54.0000 -32.0000
-54.0000 -29.0000
END
9 -51.0000 -29.0000
-48.0000 -29.0000
-48.0000 -32.0000
-51.0000 -32.0000
-51.0000 -29.0000
END
10 -51.0000 -17.0000
-48.0000 -17.0000
-48.0000 -20.0000
-51.0000 -20.0000
-51.0000 -17.0000
END
11 -48.0000 -17.0000
-45.0000 -17.0000
-45.0000 -20.0000
-48.0000 -20.0000
-48.0000 -17.0000
END
12 -45.0000 -17.0000
-42.0000 -17.0000
-42.0000 -20.0000
-45.0000 -20.0000
-45.0000 -17.0000
END
13 -57.0000 -20.0000
-54.0000 -20.0000
-54.0000 -23.0000
-57.0000 -23.0000
-57.0000 -20.0000
END
14 -54.0000 -20.0000
-51.0000 -20.0000
-51.0000 -23.0000
-54.0000 -23.0000
-54.0000 -20.0000
END
15 -51.0000 -20.0000
-48.0000 -20.0000
-48.0000 -23.0000
-51.0000 -23.0000
-51.0000 -20.0000
END
16 -48.0000 -20.0000
-45.0000 -20.0000
-45.0000 -23.0000
-48.0000 -23.0000
-48.0000 -20.0000
END
17 -45.0000 -20.0000
-42.0000 -20.0000
-42.0000 -23.0000
-45.0000 -23.0000
-45.0000 -20.0000
END
18 -60.0000 -23.0000
-57.0000 -23.0000
-57.0000 -26.0000
-60.0000 -26.0000
-60.0000 -23.0000
END
19 -57.0000 -23.0000
-54.0000 -23.0000
-54.0000 -26.0000
-57.0000 -26.0000
-57.0000 -23.0000
END
20 -54.0000 -23.0000
-51.0000 -23.0000
-51.0000 -26.0000
-54.0000 -26.0000
-54.0000 -23.0000
END
21 -51.0000 -23.0000
-48.0000 -23.0000
-48.0000 -26.0000
-51.0000 -26.0000
-51.0000 -23.0000
END
22 -48.0000 -23.0000
-45.0000 -23.0000
-45.0000 -26.0000
-48.0000 -26.0000
-48.0000 -23.0000
END
23 -45.0000 -23.0000
-42.0000 -23.0000
-42.0000 -26.0000
-45.0000 -26.0000
-45.0000 -23.0000
END
24 -60.0000 -26.0000
-57.0000 -26.0000
-57.0000 -29.0000
-60.0000 -29.0000
-60.0000 -26.0000
END
25 -57.0000 -26.0000
-54.0000 -26.0000
-54.0000 -29.0000
-57.0000 -29.0000
-57.0000 -26.0000
END
26 -54.0000 -26.0000
-51.0000 -26.0000
-51.0000 -29.0000
-54.0000 -29.0000
-54.0000 -26.0000
END
27 -51.0000 -26.0000
-48.0000 -26.0000
-48.0000 -29.0000
-51.0000 -29.0000
-51.0000 -26.0000
END
28 -48.0000 -26.0000
-45.0000 -26.0000
-45.0000 -29.0000
-48.0000 -29.0000
-48.0000 -26.0000
END
