1 -54.0000 4.0000
-51.0000 4.0000
-51.0000 1.0000
-54.0000 1.0000
-54.0000 4.0000
END
2 -54.0000 1.0000
-51.0000 1.0000
-51.0000 -2.0000
-54.0000 -2.0000
-54.0000 1.0000
END
3 -51.0000 1.0000
-48.0000 1.0000
-48.0000 -2.0000
-51.0000 -2.0000
-51.0000 1.0000
END
4 -48.0000 1.0000
-45.0000 1.0000
-45.0000 -2.0000
-48.0000 -2.0000
-48.0000 1.0000
END
5 -60.0000 -2.0000
-57.0000 -2.0000
-57.0000 -5.0000
-60.0000 -5.0000
-60.0000 -2.0000
END
6 -57.0000 -2.0000
-54.0000 -2.0000
-54.0000 -5.0000
-57.0000 -5.0000
-57.0000 -2.0000
END
7 -54.0000 -2.0000
-51.0000 -2.0000
-51.0000 -5.0000
-54.0000 -5.0000
-54.0000 -2.0000
END
8 -51.0000 -2.0000
-48.0000 -2.0000
-48.0000 -5.0000
-51.0000 -5.0000
-51.0000 -2.0000
END
9 -48.0000 -2.0000
-45.0000 -2.0000
-45.0000 -5.0000
-48.0000 -5.0000
-48.0000 -2.0000
END
10 -69.0000 -5.0000
-66.0000 -5.0000
-66.0000 -8.0000
-69.0000 -8.0000
-69.0000 -5.0000
END
11 -66.0000 -5.0000
-63.0000 -5.0000
-63.0000 -8.0000
-66.0000 -8.0000
-66.0000 -5.0000
END
12 -63.0000 -5.0000
-60.0000 -5.0000
-60.0000 -8.0000
-63.0000 -8.0000
-63.0000 -5.0000
END
13 -60.0000 -5.0000
-57.0000 -5.0000
-57.0000 -8.0000
-60.0000 -8.0000
-60.0000 -5.0000
END
14 -57.0000 -5.0000
-54.0000 -5.0000
-54.0000 -8.0000
-57.0000 -8.0000
-57.0000 -5.0000
END
15 -54.0000 -5.0000
-51.0000 -5.0000
-51.0000 -8.0000
-54.0000 -8.0000
-54.0000 -5.0000
END
16 -51.0000 -5.0000
-48.0000 -5.0000
-48.0000 -8.0000
-51.0000 -8.0000
-51.0000 -5.0000
END
17 -72.0000 -8.0000
-69.0000 -8.0000
-69.0000 -11.0000
-72.0000 -11.0000
-72.0000 -8.0000
END
18 -69.0000 -8.0000
-66.0000 -8.0000
-66.0000 -11.0000
-69.0000 -11.0000
-69.0000 -8.0000
END
19 -66.0000 -8.0000
-63.0000 -8.0000
-63.0000 -11.0000
-66.0000 -11.0000
-66.0000 -8.0000
END
20 -63.0000 -8.0000
-60.0000 -8.0000
-60.0000 -11.0000
-63.0000 -11.0000
-63.0000 -8.0000
END
21 -60.0000 -8.0000
-57.0000 -8.0000
-57.0000 -11.0000
-60.0000 -11.0000
-60.0000 -8.0000
END
22 -57.0000 -8.0000
-54.0000 -8.0000
-54.0000 -11.0000
-57.0000 -11.0000
-57.0000 -8.0000
END
23 -54.0000 -8.0000
-51.0000 -8.0000
-51.0000 -11.0000
-54.0000 -11.0000
-54.0000 -8.0000
END
24 -72.0000 -11.0000
-69.0000 -11.0000
-69.0000 -14.0000
-72.0000 -14.0000
-72.0000 -11.0000
END
25 -69.0000 -11.0000
-66.0000 -11.0000
-66.0000 -14.0000
-69.0000 -14.0000
-69.0000 -11.0000
END
26 -66.0000 -11.0000
-63.0000 -11.0000
-63.0000 -14.0000
-66.0000 -14.0000
-66.0000 -11.0000
END
27 -63.0000 -11.0000
-60.0000 -11.0000
-60.0000 -14.0000
-63.0000 -14.0000
-63.0000 -11.0000
END
28 -60.0000 -11.0000
-57.0000 -11.0000
-57.0000 -14.0000
-60.0000 -14.0000
-60.0000 -11.0000
END
29 -57.0000 -11.0000
-54.0000 -11.0000
-54.0000 -14.0000
-57.0000 -14.0000
-57.0000 -11.0000
END
