1 -111.0000 28.0000
-108.0000 28.0000
-108.0000 25.0000
-111.0000 25.0000
-111.0000 28.0000
END
2 -108.0000 28.0000
-105.0000 28.0000
-105.0000 25.0000
-108.0000 25.0000
-108.0000 28.0000
END
3 -102.0000 28.0000
-99.0000 28.0000
-99.0000 25.0000
-102.0000 25.0000
-102.0000 28.0000
END
4 -99.0000 28.0000
-96.0000 28.0000
-96.0000 25.0000
-99.0000 25.0000
-99.0000 28.0000
END
5 -78.0000 28.0000
-75.0000 28.0000
-75.0000 25.0000
-78.0000 25.0000
-78.0000 28.0000
END
6 -111.0000 25.0000
-108.0000 25.0000
-108.0000 22.0000
-111.0000 22.0000
-111.0000 25.0000
END
7 -108.0000 25.0000
-105.0000 25.0000
-105.0000 22.0000
-108.0000 22.0000
-108.0000 25.0000
END
8 -105.0000 25.0000
-102.0000 25.0000
-102.0000 22.0000
-105.0000 22.0000
-105.0000 25.0000
END
9 -102.0000 25.0000
-99.0000 25.0000
-99.0000 22.0000
-102.0000 22.0000
-102.0000 25.0000
END
10 -99.0000 25.0000
-96.0000 25.0000
-96.0000 22.0000
-99.0000 22.0000
-99.0000 25.0000
END
11 -90.0000 25.0000
-87.0000 25.0000
-87.0000 22.0000
-90.0000 22.0000
-90.0000 25.0000
END
12 -87.0000 25.0000
-84.0000 25.0000
-84.0000 22.0000
-87.0000 22.0000
-87.0000 25.0000
END
13 -84.0000 25.0000
-81.0000 25.0000
-81.0000 22.0000
-84.0000 22.0000
-84.0000 25.0000
END
14 -81.0000 25.0000
-78.0000 25.0000
-78.0000 22.0000
-81.0000 22.0000
-81.0000 25.0000
END
15 -78.0000 25.0000
-75.0000 25.0000
-75.0000 22.0000
-78.0000 22.0000
-78.0000 25.0000
END
16 -108.0000 22.0000
-105.0000 22.0000
-105.0000 19.0000
-108.0000 19.0000
-108.0000 22.0000
END
17 -105.0000 22.0000
-102.0000 22.0000
-102.0000 19.0000
-105.0000 19.0000
-105.0000 22.0000
END
18 -102.0000 22.0000
-99.0000 22.0000
-99.0000 19.0000
-102.0000 19.0000
-102.0000 22.0000
END
19 -99.0000 22.0000
-96.0000 22.0000
-96.0000 19.0000
-99.0000 19.0000
-99.0000 22.0000
END
20 -96.0000 22.0000
-93.0000 22.0000
-93.0000 19.0000
-96.0000 19.0000
-96.0000 22.0000
END
21 -93.0000 22.0000
-90.0000 22.0000
-90.0000 19.0000
-93.0000 19.0000
-93.0000 22.0000
END
22 -90.0000 22.0000
-87.0000 22.0000
-87.0000 19.0000
-90.0000 19.0000
-90.0000 22.0000
END
23 -87.0000 22.0000
-84.0000 22.0000
-84.0000 19.0000
-87.0000 19.0000
-87.0000 22.0000
END
24 -84.0000 22.0000
-81.0000 22.0000
-81.0000 19.0000
-84.0000 19.0000
-84.0000 22.0000
END
25 -81.0000 22.0000
-78.0000 22.0000
-78.0000 19.0000
-81.0000 19.0000
-81.0000 22.0000
END
26 -78.0000 22.0000
-75.0000 22.0000
-75.0000 19.0000
-78.0000 19.0000
-78.0000 22.0000
END
27 -75.0000 22.0000
-72.0000 22.0000
-72.0000 19.0000
-75.0000 19.0000
-75.0000 22.0000
END
28 -72.0000 22.0000
-69.0000 22.0000
-69.0000 19.0000
-72.0000 19.0000
-72.0000 22.0000
END
29 -69.0000 22.0000
-66.0000 22.0000
-66.0000 19.0000
-69.0000 19.0000
-69.0000 22.0000
END
30 -66.0000 22.0000
-63.0000 22.0000
-63.0000 19.0000
-66.0000 19.0000
-66.0000 22.0000
END
31 -108.0000 19.0000
-105.0000 19.0000
-105.0000 16.0000
-108.0000 16.0000
-108.0000 19.0000
END
32 -105.0000 19.0000
-102.0000 19.0000
-102.0000 16.0000
-105.0000 16.0000
-105.0000 19.0000
END
33 -102.0000 19.0000
-99.0000 19.0000
-99.0000 16.0000
-102.0000 16.0000
-102.0000 19.0000
END
34 -99.0000 19.0000
-96.0000 19.0000
-96.0000 16.0000
-99.0000 16.0000
-99.0000 19.0000
END
35 -96.0000 19.0000
-93.0000 19.0000
-93.0000 16.0000
-96.0000 16.0000
-96.0000 19.0000
END
36 -93.0000 19.0000
-90.0000 19.0000
-90.0000 16.0000
-93.0000 16.0000
-93.0000 19.0000
END
37 -90.0000 19.0000
-87.0000 19.0000
-87.0000 16.0000
-90.0000 16.0000
-90.0000 19.0000
END
38 -87.0000 19.0000
-84.0000 19.0000
-84.0000 16.0000
-87.0000 16.0000
-87.0000 19.0000
END
39 -84.0000 19.0000
-81.0000 19.0000
-81.0000 16.0000
-84.0000 16.0000
-84.0000 19.0000
END
40 -81.0000 19.0000
-78.0000 19.0000
-78.0000 16.0000
-81.0000 16.0000
-81.0000 19.0000
END
41 -78.0000 19.0000
-75.0000 19.0000
-75.0000 16.0000
-78.0000 16.0000
-78.0000 19.0000
END
42 -75.0000 19.0000
-72.0000 19.0000
-72.0000 16.0000
-75.0000 16.0000
-75.0000 19.0000
END
43 -72.0000 19.0000
-69.0000 19.0000
-69.0000 16.0000
-72.0000 16.0000
-72.0000 19.0000
END
44 -69.0000 19.0000
-66.0000 19.0000
-66.0000 16.0000
-69.0000 16.0000
-69.0000 19.0000
END
45 -66.0000 19.0000
-63.0000 19.0000
-63.0000 16.0000
-66.0000 16.0000
-66.0000 19.0000
END
46 -63.0000 19.0000
-60.0000 19.0000
-60.0000 16.0000
-63.0000 16.0000
-63.0000 19.0000
END
47 -99.0000 16.0000
-96.0000 16.0000
-96.0000 13.0000
-99.0000 13.0000
-99.0000 16.0000
END
48 -96.0000 16.0000
-93.0000 16.0000
-93.0000 13.0000
-96.0000 13.0000
-96.0000 16.0000
END
49 -93.0000 16.0000
-90.0000 16.0000
-90.0000 13.0000
-93.0000 13.0000
-93.0000 16.0000
END
50 -90.0000 16.0000
-87.0000 16.0000
-87.0000 13.0000
-90.0000 13.0000
-90.0000 16.0000
END
51 -87.0000 16.0000
-84.0000 16.0000
-84.0000 13.0000
-87.0000 13.0000
-87.0000 16.0000
END
52 -84.0000 16.0000
-81.0000 16.0000
-81.0000 13.0000
-84.0000 13.0000
-84.0000 16.0000
END
53 -63.0000 16.0000
-60.0000 16.0000
-60.0000 13.0000
-63.0000 13.0000
-63.0000 16.0000
END
54 -60.0000 16.0000
-57.0000 16.0000
-57.0000 13.0000
-60.0000 13.0000
-60.0000 16.0000
END
55 -90.0000 13.0000
-87.0000 13.0000
-87.0000 10.0000
-90.0000 10.0000
-90.0000 13.0000
END
56 -87.0000 13.0000
-84.0000 13.0000
-84.0000 10.0000
-87.0000 10.0000
-87.0000 13.0000
END
57 -84.0000 13.0000
-81.0000 13.0000
-81.0000 10.0000
-84.0000 10.0000
-84.0000 13.0000
END
58 -81.0000 13.0000
-78.0000 13.0000
-78.0000 10.0000
-81.0000 10.0000
-81.0000 13.0000
END
59 -78.0000 13.0000
-75.0000 13.0000
-75.0000 10.0000
-78.0000 10.0000
-78.0000 13.0000
END
60 -75.0000 13.0000
-72.0000 13.0000
-72.0000 10.0000
-75.0000 10.0000
-75.0000 13.0000
END
61 -72.0000 13.0000
-69.0000 13.0000
-69.0000 10.0000
-72.0000 10.0000
-72.0000 13.0000
END
62 -69.0000 13.0000
-66.0000 13.0000
-66.0000 10.0000
-69.0000 10.0000
-69.0000 13.0000
END
63 -66.0000 13.0000
-63.0000 13.0000
-63.0000 10.0000
-66.0000 10.0000
-66.0000 13.0000
END
64 -63.0000 13.0000
-60.0000 13.0000
-60.0000 10.0000
-63.0000 10.0000
-63.0000 13.0000
END
65 -60.0000 13.0000
-57.0000 13.0000
-57.0000 10.0000
-60.0000 10.0000
-60.0000 13.0000
END
66 -87.0000 10.0000
-84.0000 10.0000
-84.0000 7.0000
-87.0000 7.0000
-87.0000 10.0000
END
67 -84.0000 10.0000
-81.0000 10.0000
-81.0000 7.0000
-84.0000 7.0000
-84.0000 10.0000
END
68 -81.0000 10.0000
-78.0000 10.0000
-78.0000 7.0000
-81.0000 7.0000
-81.0000 10.0000
END
69 -78.0000 10.0000
-75.0000 10.0000
-75.0000 7.0000
-78.0000 7.0000
-78.0000 10.0000
END
70 -75.0000 10.0000
-72.0000 10.0000
-72.0000 7.0000
-75.0000 7.0000
-75.0000 10.0000
END
71 -72.0000 10.0000
-69.0000 10.0000
-69.0000 7.0000
-72.0000 7.0000
-72.0000 10.0000
END
72 -69.0000 10.0000
-66.0000 10.0000
-66.0000 7.0000
-69.0000 7.0000
-69.0000 10.0000
END
73 -66.0000 10.0000
-63.0000 10.0000
-63.0000 7.0000
-66.0000 7.0000
-66.0000 10.0000
END
74 -63.0000 10.0000
-60.0000 10.0000
-60.0000 7.0000
-63.0000 7.0000
-63.0000 10.0000
END
75 -60.0000 10.0000
-57.0000 10.0000
-57.0000 7.0000
-60.0000 7.0000
-60.0000 10.0000
END
76 -81.0000 7.0000
-78.0000 7.0000
-78.0000 4.0000
-81.0000 4.0000
-81.0000 7.0000
END
77 -78.0000 7.0000
-75.0000 7.0000
-75.0000 4.0000
-78.0000 4.0000
-78.0000 7.0000
END
78 -75.0000 7.0000
-72.0000 7.0000
-72.0000 4.0000
-75.0000 4.0000
-75.0000 7.0000
END
79 -72.0000 7.0000
-69.0000 7.0000
-69.0000 4.0000
-72.0000 4.0000
-72.0000 7.0000
END
80 -69.0000 7.0000
-66.0000 7.0000
-66.0000 4.0000
-69.0000 4.0000
-69.0000 7.0000
END
81 -66.0000 7.0000
-63.0000 7.0000
-63.0000 4.0000
-66.0000 4.0000
-66.0000 7.0000
END
82 -63.0000 7.0000
-60.0000 7.0000
-60.0000 4.0000
-63.0000 4.0000
-63.0000 7.0000
END
83 -60.0000 7.0000
-57.0000 7.0000
-57.0000 4.0000
-60.0000 4.0000
-60.0000 7.0000
END
84 -57.0000 7.0000
-54.0000 7.0000
-54.0000 4.0000
-57.0000 4.0000
-57.0000 7.0000
END
85 -54.0000 7.0000
-51.0000 7.0000
-51.0000 4.0000
-54.0000 4.0000
-54.0000 7.0000
END
86 -51.0000 7.0000
-48.0000 7.0000
-48.0000 4.0000
-51.0000 4.0000
-51.0000 7.0000
END
87 -81.0000 4.0000
-78.0000 4.0000
-78.0000 1.0000
-81.0000 1.0000
-81.0000 4.0000
END
88 -78.0000 4.0000
-75.0000 4.0000
-75.0000 1.0000
-78.0000 1.0000
-78.0000 4.0000
END
89 -75.0000 4.0000
-72.0000 4.0000
-72.0000 1.0000
-75.0000 1.0000
-75.0000 4.0000
END
90 -72.0000 4.0000
-69.0000 4.0000
-69.0000 1.0000
-72.0000 1.0000
-72.0000 4.0000
END
91 -69.0000 4.0000
-66.0000 4.0000
-66.0000 1.0000
-69.0000 1.0000
-69.0000 4.0000
END
92 -66.0000 4.0000
-63.0000 4.0000
-63.0000 1.0000
-66.0000 1.0000
-66.0000 4.0000
END
93 -63.0000 4.0000
-60.0000 4.0000
-60.0000 1.0000
-63.0000 1.0000
-63.0000 4.0000
END
94 -60.0000 4.0000
-57.0000 4.0000
-57.0000 1.0000
-60.0000 1.0000
-60.0000 4.0000
END
95 -57.0000 4.0000
-54.0000 4.0000
-54.0000 1.0000
-57.0000 1.0000
-57.0000 4.0000
END
96 -54.0000 4.0000
-51.0000 4.0000
-51.0000 1.0000
-54.0000 1.0000
-54.0000 4.0000
END
97 -51.0000 4.0000
-48.0000 4.0000
-48.0000 1.0000
-51.0000 1.0000
-51.0000 4.0000
END
98 -84.0000 1.0000
-81.0000 1.0000
-81.0000 -2.0000
-84.0000 -2.0000
-84.0000 1.0000
END
99 -81.0000 1.0000
-78.0000 1.0000
-78.0000 -2.0000
-81.0000 -2.0000
-81.0000 1.0000
END
100 -78.0000 1.0000
-75.0000 1.0000
-75.0000 -2.0000
-78.0000 -2.0000
-78.0000 1.0000
END
101 -75.0000 1.0000
-72.0000 1.0000
-72.0000 -2.0000
-75.0000 -2.0000
-75.0000 1.0000
END
102 -72.0000 1.0000
-69.0000 1.0000
-69.0000 -2.0000
-72.0000 -2.0000
-72.0000 1.0000
END
103 -69.0000 1.0000
-66.0000 1.0000
-66.0000 -2.0000
-69.0000 -2.0000
-69.0000 1.0000
END
104 -66.0000 1.0000
-63.0000 1.0000
-63.0000 -2.0000
-66.0000 -2.0000
-66.0000 1.0000
END
105 -63.0000 1.0000
-60.0000 1.0000
-60.0000 -2.0000
-63.0000 -2.0000
-63.0000 1.0000
END
106 -60.0000 1.0000
-57.0000 1.0000
-57.0000 -2.0000
-60.0000 -2.0000
-60.0000 1.0000
END
107 -57.0000 1.0000
-54.0000 1.0000
-54.0000 -2.0000
-57.0000 -2.0000
-57.0000 1.0000
END
108 -54.0000 1.0000
-51.0000 1.0000
-51.0000 -2.0000
-54.0000 -2.0000
-54.0000 1.0000
END
109 -51.0000 1.0000
-48.0000 1.0000
-48.0000 -2.0000
-51.0000 -2.0000
-51.0000 1.0000
END
110 -48.0000 1.0000
-45.0000 1.0000
-45.0000 -2.0000
-48.0000 -2.0000
-48.0000 1.0000
END
111 -45.0000 1.0000
-42.0000 1.0000
-42.0000 -2.0000
-45.0000 -2.0000
-45.0000 1.0000
END
112 -84.0000 -2.0000
-81.0000 -2.0000
-81.0000 -5.0000
-84.0000 -5.0000
-84.0000 -2.0000
END
113 -81.0000 -2.0000
-78.0000 -2.0000
-78.0000 -5.0000
-81.0000 -5.0000
-81.0000 -2.0000
END
114 -78.0000 -2.0000
-75.0000 -2.0000
-75.0000 -5.0000
-78.0000 -5.0000
-78.0000 -2.0000
END
115 -75.0000 -2.0000
-72.0000 -2.0000
-72.0000 -5.0000
-75.0000 -5.0000
-75.0000 -2.0000
END
116 -72.0000 -2.0000
-69.0000 -2.0000
-69.0000 -5.0000
-72.0000 -5.0000
-72.0000 -2.0000
END
117 -69.0000 -2.0000
-66.0000 -2.0000
-66.0000 -5.0000
-69.0000 -5.0000
-69.0000 -2.0000
END
118 -66.0000 -2.0000
-63.0000 -2.0000
-63.0000 -5.0000
-66.0000 -5.0000
-66.0000 -2.0000
END
119 -63.0000 -2.0000
-60.0000 -2.0000
-60.0000 -5.0000
-63.0000 -5.0000
-63.0000 -2.0000
END
120 -60.0000 -2.0000
-57.0000 -2.0000
-57.0000 -5.0000
-60.0000 -5.0000
-60.0000 -2.0000
END
121 -57.0000 -2.0000
-54.0000 -2.0000
-54.0000 -5.0000
-57.0000 -5.0000
-57.0000 -2.0000
END
122 -54.0000 -2.0000
-51.0000 -2.0000
-51.0000 -5.0000
-54.0000 -5.0000
-54.0000 -2.0000
END
123 -51.0000 -2.0000
-48.0000 -2.0000
-48.0000 -5.0000
-51.0000 -5.0000
-51.0000 -2.0000
END
124 -48.0000 -2.0000
-45.0000 -2.0000
-45.0000 -5.0000
-48.0000 -5.0000
-48.0000 -2.0000
END
125 -45.0000 -2.0000
-42.0000 -2.0000
-42.0000 -5.0000
-45.0000 -5.0000
-45.0000 -2.0000
END
126 -42.0000 -2.0000
-39.0000 -2.0000
-39.0000 -5.0000
-42.0000 -5.0000
-42.0000 -2.0000
END
127 -39.0000 -2.0000
-36.0000 -2.0000
-36.0000 -5.0000
-39.0000 -5.0000
-39.0000 -2.0000
END
128 -84.0000 -5.0000
-81.0000 -5.0000
-81.0000 -8.0000
-84.0000 -8.0000
-84.0000 -5.0000
END
129 -81.0000 -5.0000
-78.0000 -5.0000
-78.0000 -8.0000
-81.0000 -8.0000
-81.0000 -5.0000
END
130 -78.0000 -5.0000
-75.0000 -5.0000
-75.0000 -8.0000
-78.0000 -8.0000
-78.0000 -5.0000
END
131 -75.0000 -5.0000
-72.0000 -5.0000
-72.0000 -8.0000
-75.0000 -8.0000
-75.0000 -5.0000
END
132 -72.0000 -5.0000
-69.0000 -5.0000
-69.0000 -8.0000
-72.0000 -8.0000
-72.0000 -5.0000
END
133 -69.0000 -5.0000
-66.0000 -5.0000
-66.0000 -8.0000
-69.0000 -8.0000
-69.0000 -5.0000
END
134 -66.0000 -5.0000
-63.0000 -5.0000
-63.0000 -8.0000
-66.0000 -8.0000
-66.0000 -5.0000
END
135 -63.0000 -5.0000
-60.0000 -5.0000
-60.0000 -8.0000
-63.0000 -8.0000
-63.0000 -5.0000
END
136 -60.0000 -5.0000
-57.0000 -5.0000
-57.0000 -8.0000
-60.0000 -8.0000
-60.0000 -5.0000
END
137 -57.0000 -5.0000
-54.0000 -5.0000
-54.0000 -8.0000
-57.0000 -8.0000
-57.0000 -5.0000
END
138 -54.0000 -5.0000
-51.0000 -5.0000
-51.0000 -8.0000
-54.0000 -8.0000
-54.0000 -5.0000
END
139 -51.0000 -5.0000
-48.0000 -5.0000
-48.0000 -8.0000
-51.0000 -8.0000
-51.0000 -5.0000
END
140 -48.0000 -5.0000
-45.0000 -5.0000
-45.0000 -8.0000
-48.0000 -8.0000
-48.0000 -5.0000
END
141 -45.0000 -5.0000
-42.0000 -5.0000
-42.0000 -8.0000
-45.0000 -8.0000
-45.0000 -5.0000
END
142 -42.0000 -5.0000
-39.0000 -5.0000
-39.0000 -8.0000
-42.0000 -8.0000
-42.0000 -5.0000
END
143 -39.0000 -5.0000
-36.0000 -5.0000
-36.0000 -8.0000
-39.0000 -8.0000
-39.0000 -5.0000
END
144 -36.0000 -5.0000
-33.0000 -5.0000
-33.0000 -8.0000
-36.0000 -8.0000
-36.0000 -5.0000
END
145 -81.0000 -8.0000
-78.0000 -8.0000
-78.0000 -11.0000
-81.0000 -11.0000
-81.0000 -8.0000
END
146 -78.0000 -8.0000
-75.0000 -8.0000
-75.0000 -11.0000
-78.0000 -11.0000
-78.0000 -8.0000
END
147 -75.0000 -8.0000
-72.0000 -8.0000
-72.0000 -11.0000
-75.0000 -11.0000
-75.0000 -8.0000
END
148 -72.0000 -8.0000
-69.0000 -8.0000
-69.0000 -11.0000
-72.0000 -11.0000
-72.0000 -8.0000
END
149 -69.0000 -8.0000
-66.0000 -8.0000
-66.0000 -11.0000
-69.0000 -11.0000
-69.0000 -8.0000
END
150 -66.0000 -8.0000
-63.0000 -8.0000
-63.0000 -11.0000
-66.0000 -11.0000
-66.0000 -8.0000
END
151 -63.0000 -8.0000
-60.0000 -8.0000
-60.0000 -11.0000
-63.0000 -11.0000
-63.0000 -8.0000
END
152 -60.0000 -8.0000
-57.0000 -8.0000
-57.0000 -11.0000
-60.0000 -11.0000
-60.0000 -8.0000
END
153 -57.0000 -8.0000
-54.0000 -8.0000
-54.0000 -11.0000
-57.0000 -11.0000
-57.0000 -8.0000
END
154 -54.0000 -8.0000
-51.0000 -8.0000
-51.0000 -11.0000
-54.0000 -11.0000
-54.0000 -8.0000
END
155 -51.0000 -8.0000
-48.0000 -8.0000
-48.0000 -11.0000
-51.0000 -11.0000
-51.0000 -8.0000
END
156 -48.0000 -8.0000
-45.0000 -8.0000
-45.0000 -11.0000
-48.0000 -11.0000
-48.0000 -8.0000
END
157 -45.0000 -8.0000
-42.0000 -8.0000
-42.0000 -11.0000
-45.0000 -11.0000
-45.0000 -8.0000
END
158 -42.0000 -8.0000
-39.0000 -8.0000
-39.0000 -11.0000
-42.0000 -11.0000
-42.0000 -8.0000
END
159 -39.0000 -8.0000
-36.0000 -8.0000
-36.0000 -11.0000
-39.0000 -11.0000
-39.0000 -8.0000
END
160 -36.0000 -8.0000
-33.0000 -8.0000
-33.0000 -11.0000
-36.0000 -11.0000
-36.0000 -8.0000
END
161 -78.0000 -11.0000
-75.0000 -11.0000
-75.0000 -14.0000
-78.0000 -14.0000
-78.0000 -11.0000
END
162 -75.0000 -11.0000
-72.0000 -11.0000
-72.0000 -14.0000
-75.0000 -14.0000
-75.0000 -11.0000
END
163 -72.0000 -11.0000
-69.0000 -11.0000
-69.0000 -14.0000
-72.0000 -14.0000
-72.0000 -11.0000
END
164 -69.0000 -11.0000
-66.0000 -11.0000
-66.0000 -14.0000
-69.0000 -14.0000
-69.0000 -11.0000
END
165 -66.0000 -11.0000
-63.0000 -11.0000
-63.0000 -14.0000
-66.0000 -14.0000
-66.0000 -11.0000
END
166 -63.0000 -11.0000
-60.0000 -11.0000
-60.0000 -14.0000
-63.0000 -14.0000
-63.0000 -11.0000
END
167 -60.0000 -11.0000
-57.0000 -11.0000
-57.0000 -14.0000
-60.0000 -14.0000
-60.0000 -11.0000
END
168 -57.0000 -11.0000
-54.0000 -11.0000
-54.0000 -14.0000
-57.0000 -14.0000
-57.0000 -11.0000
END
169 -54.0000 -11.0000
-51.0000 -11.0000
-51.0000 -14.0000
-54.0000 -14.0000
-54.0000 -11.0000
END
170 -51.0000 -11.0000
-48.0000 -11.0000
-48.0000 -14.0000
-51.0000 -14.0000
-51.0000 -11.0000
END
171 -48.0000 -11.0000
-45.0000 -11.0000
-45.0000 -14.0000
-48.0000 -14.0000
-48.0000 -11.0000
END
172 -45.0000 -11.0000
-42.0000 -11.0000
-42.0000 -14.0000
-45.0000 -14.0000
-45.0000 -11.0000
END
173 -42.0000 -11.0000
-39.0000 -11.0000
-39.0000 -14.0000
-42.0000 -14.0000
-42.0000 -11.0000
END
174 -39.0000 -11.0000
-36.0000 -11.0000
-36.0000 -14.0000
-39.0000 -14.0000
-39.0000 -11.0000
END
175 -75.0000 -14.0000
-72.0000 -14.0000
-72.0000 -17.0000
-75.0000 -17.0000
-75.0000 -14.0000
END
176 -72.0000 -14.0000
-69.0000 -14.0000
-69.0000 -17.0000
-72.0000 -17.0000
-72.0000 -14.0000
END
177 -69.0000 -14.0000
-66.0000 -14.0000
-66.0000 -17.0000
-69.0000 -17.0000
-69.0000 -14.0000
END
178 -66.0000 -14.0000
-63.0000 -14.0000
-63.0000 -17.0000
-66.0000 -17.0000
-66.0000 -14.0000
END
179 -63.0000 -14.0000
-60.0000 -14.0000
-60.0000 -17.0000
-63.0000 -17.0000
-63.0000 -14.0000
END
180 -60.0000 -14.0000
-57.0000 -14.0000
-57.0000 -17.0000
-60.0000 -17.0000
-60.0000 -14.0000
END
181 -57.0000 -14.0000
-54.0000 -14.0000
-54.0000 -17.0000
-57.0000 -17.0000
-57.0000 -14.0000
END
182 -54.0000 -14.0000
-51.0000 -14.0000
-51.0000 -17.0000
-54.0000 -17.0000
-54.0000 -14.0000
END
183 -51.0000 -14.0000
-48.0000 -14.0000
-48.0000 -17.0000
-51.0000 -17.0000
-51.0000 -14.0000
END
184 -48.0000 -14.0000
-45.0000 -14.0000
-45.0000 -17.0000
-48.0000 -17.0000
-48.0000 -14.0000
END
185 -45.0000 -14.0000
-42.0000 -14.0000
-42.0000 -17.0000
-45.0000 -17.0000
-45.0000 -14.0000
END
186 -42.0000 -14.0000
-39.0000 -14.0000
-39.0000 -17.0000
-42.0000 -17.0000
-42.0000 -14.0000
END
187 -39.0000 -14.0000
-36.0000 -14.0000
-36.0000 -17.0000
-39.0000 -17.0000
-39.0000 -14.0000
END
188 -72.0000 -17.0000
-69.0000 -17.0000
-69.0000 -20.0000
-72.0000 -20.0000
-72.0000 -17.0000
END
189 -69.0000 -17.0000
-66.0000 -17.0000
-66.0000 -20.0000
-69.0000 -20.0000
-69.0000 -17.0000
END
190 -66.0000 -17.0000
-63.0000 -17.0000
-63.0000 -20.0000
-66.0000 -20.0000
-66.0000 -17.0000
END
191 -63.0000 -17.0000
-60.0000 -17.0000
-60.0000 -20.0000
-63.0000 -20.0000
-63.0000 -17.0000
END
192 -60.0000 -17.0000
-57.0000 -17.0000
-57.0000 -20.0000
-60.0000 -20.0000
-60.0000 -17.0000
END
193 -57.0000 -17.0000
-54.0000 -17.0000
-54.0000 -20.0000
-57.0000 -20.0000
-57.0000 -17.0000
END
194 -54.0000 -17.0000
-51.0000 -17.0000
-51.0000 -20.0000
-54.0000 -20.0000
-54.0000 -17.0000
END
195 -51.0000 -17.0000
-48.0000 -17.0000
-48.0000 -20.0000
-51.0000 -20.0000
-51.0000 -17.0000
END
196 -48.0000 -17.0000
-45.0000 -17.0000
-45.0000 -20.0000
-48.0000 -20.0000
-48.0000 -17.0000
END
197 -45.0000 -17.0000
-42.0000 -17.0000
-42.0000 -20.0000
-45.0000 -20.0000
-45.0000 -17.0000
END
198 -42.0000 -17.0000
-39.0000 -17.0000
-39.0000 -20.0000
-42.0000 -20.0000
-42.0000 -17.0000
END
199 -39.0000 -17.0000
-36.0000 -17.0000
-36.0000 -20.0000
-39.0000 -20.0000
-39.0000 -17.0000
END
200 -66.0000 -20.0000
-63.0000 -20.0000
-63.0000 -23.0000
-66.0000 -23.0000
-66.0000 -20.0000
END
201 -63.0000 -20.0000
-60.0000 -20.0000
-60.0000 -23.0000
-63.0000 -23.0000
-63.0000 -20.0000
END
202 -60.0000 -20.0000
-57.0000 -20.0000
-57.0000 -23.0000
-60.0000 -23.0000
-60.0000 -20.0000
END
203 -57.0000 -20.0000
-54.0000 -20.0000
-54.0000 -23.0000
-57.0000 -23.0000
-57.0000 -20.0000
END
204 -54.0000 -20.0000
-51.0000 -20.0000
-51.0000 -23.0000
-54.0000 -23.0000
-54.0000 -20.0000
END
205 -51.0000 -20.0000
-48.0000 -20.0000
-48.0000 -23.0000
-51.0000 -23.0000
-51.0000 -20.0000
END
206 -48.0000 -20.0000
-45.0000 -20.0000
-45.0000 -23.0000
-48.0000 -23.0000
-48.0000 -20.0000
END
207 -45.0000 -20.0000
-42.0000 -20.0000
-42.0000 -23.0000
-45.0000 -23.0000
-45.0000 -20.0000
END
208 -42.0000 -20.0000
-39.0000 -20.0000
-39.0000 -23.0000
-42.0000 -23.0000
-42.0000 -20.0000
END
209 -69.0000 -23.0000
-66.0000 -23.0000
-66.0000 -26.0000
-69.0000 -26.0000
-69.0000 -23.0000
END
210 -66.0000 -23.0000
-63.0000 -23.0000
-63.0000 -26.0000
-66.0000 -26.0000
-66.0000 -23.0000
END
211 -63.0000 -23.0000
-60.0000 -23.0000
-60.0000 -26.0000
-63.0000 -26.0000
-63.0000 -23.0000
END
212 -60.0000 -23.0000
-57.0000 -23.0000
-57.0000 -26.0000
-60.0000 -26.0000
-60.0000 -23.0000
END
213 -57.0000 -23.0000
-54.0000 -23.0000
-54.0000 -26.0000
-57.0000 -26.0000
-57.0000 -23.0000
END
214 -54.0000 -23.0000
-51.0000 -23.0000
-51.0000 -26.0000
-54.0000 -26.0000
-54.0000 -23.0000
END
215 -51.0000 -23.0000
-48.0000 -23.0000
-48.0000 -26.0000
-51.0000 -26.0000
-51.0000 -23.0000
END
216 -48.0000 -23.0000
-45.0000 -23.0000
-45.0000 -26.0000
-48.0000 -26.0000
-48.0000 -23.0000
END
217 -45.0000 -23.0000
-42.0000 -23.0000
-42.0000 -26.0000
-45.0000 -26.0000
-45.0000 -23.0000
END
218 -42.0000 -23.0000
-39.0000 -23.0000
-39.0000 -26.0000
-42.0000 -26.0000
-42.0000 -23.0000
END
219 -69.0000 -26.0000
-66.0000 -26.0000
-66.0000 -29.0000
-69.0000 -29.0000
-69.0000 -26.0000
END
220 -66.0000 -26.0000
-63.0000 -26.0000
-63.0000 -29.0000
-66.0000 -29.0000
-66.0000 -26.0000
END
221 -63.0000 -26.0000
-60.0000 -26.0000
-60.0000 -29.0000
-63.0000 -29.0000
-63.0000 -26.0000
END
222 -60.0000 -26.0000
-57.0000 -26.0000
-57.0000 -29.0000
-60.0000 -29.0000
-60.0000 -26.0000
END
223 -57.0000 -26.0000
-54.0000 -26.0000
-54.0000 -29.0000
-57.0000 -29.0000
-57.0000 -26.0000
END
224 -54.0000 -26.0000
-51.0000 -26.0000
-51.0000 -29.0000
-54.0000 -29.0000
-54.0000 -26.0000
END
225 -51.0000 -26.0000
-48.0000 -26.0000
-48.0000 -29.0000
-51.0000 -29.0000
-51.0000 -26.0000
END
226 -48.0000 -26.0000
-45.0000 -26.0000
-45.0000 -29.0000
-48.0000 -29.0000
-48.0000 -26.0000
END
227 -69.0000 -29.0000
-66.0000 -29.0000
-66.0000 -32.0000
-69.0000 -32.0000
-69.0000 -29.0000
END
228 -66.0000 -29.0000
-63.0000 -29.0000
-63.0000 -32.0000
-66.0000 -32.0000
-66.0000 -29.0000
END
229 -63.0000 -29.0000
-60.0000 -29.0000
-60.0000 -32.0000
-63.0000 -32.0000
-63.0000 -29.0000
END
230 -60.0000 -29.0000
-57.0000 -29.0000
-57.0000 -32.0000
-60.0000 -32.0000
-60.0000 -29.0000
END
231 -57.0000 -29.0000
-54.0000 -29.0000
-54.0000 -32.0000
-57.0000 -32.0000
-57.0000 -29.0000
END
232 -54.0000 -29.0000
-51.0000 -29.0000
-51.0000 -32.0000
-54.0000 -32.0000
-54.0000 -29.0000
END
233 -51.0000 -29.0000
-48.0000 -29.0000
-48.0000 -32.0000
-51.0000 -32.0000
-51.0000 -29.0000
END
234 -60.0000 -32.0000
-57.0000 -32.0000
-57.0000 -35.0000
-60.0000 -35.0000
-60.0000 -32.0000
END
235 -57.0000 -32.0000
-54.0000 -32.0000
-54.0000 -35.0000
-57.0000 -35.0000
-57.0000 -32.0000
END
236 -54.0000 -32.0000
-51.0000 -32.0000
-51.0000 -35.0000
-54.0000 -35.0000
-54.0000 -32.0000
END
