1 -69.0000 -8.0000
-66.0000 -8.0000
-66.0000 -11.0000
-69.0000 -11.0000
-69.0000 -8.0000
END
2 -66.0000 -8.0000
-63.0000 -8.0000
-63.0000 -11.0000
-66.0000 -11.0000
-66.0000 -8.0000
END
3 -63.0000 -11.0000
-60.0000 -11.0000
-60.0000 -14.0000
-63.0000 -14.0000
-63.0000 -11.0000
END
4 -57.0000 -5.0000
-54.0000 -5.0000
-54.0000 -8.0000
-57.0000 -8.0000
-57.0000 -5.0000
END
5 -63.0000 -8.0000
-60.0000 -8.0000
-60.0000 -11.0000
-63.0000 -11.0000
-63.0000 -8.0000
END
6 -63.0000 4.0000
-60.0000 4.0000
-60.0000 1.0000
-63.0000 1.0000
-63.0000 4.0000
END
7 -60.0000 4.0000
-57.0000 4.0000
-57.0000 1.0000
-60.0000 1.0000
-60.0000 4.0000
END
8 -66.0000 1.0000
-63.0000 1.0000
-63.0000 -2.0000
-66.0000 -2.0000
-66.0000 1.0000
END
9 -63.0000 1.0000
-60.0000 1.0000
-60.0000 -2.0000
-63.0000 -2.0000
-63.0000 1.0000
END
10 -60.0000 1.0000
-57.0000 1.0000
-57.0000 -2.0000
-60.0000 -2.0000
-60.0000 1.0000
END
11 -66.0000 -2.0000
-63.0000 -2.0000
-63.0000 -5.0000
-66.0000 -5.0000
-66.0000 -2.0000
END
12 -63.0000 -2.0000
-60.0000 -2.0000
-60.0000 -5.0000
-63.0000 -5.0000
-63.0000 -2.0000
END
13 -60.0000 -2.0000
-57.0000 -2.0000
-57.0000 -5.0000
-60.0000 -5.0000
-60.0000 -2.0000
END
14 -57.0000 -2.0000
-54.0000 -2.0000
-54.0000 -5.0000
-57.0000 -5.0000
-57.0000 -2.0000
END
15 -66.0000 -5.0000
-63.0000 -5.0000
-63.0000 -8.0000
-66.0000 -8.0000
-66.0000 -5.0000
END
16 -63.0000 -5.0000
-60.0000 -5.0000
-60.0000 -8.0000
-63.0000 -8.0000
-63.0000 -5.0000
END
17 -60.0000 -5.0000
-57.0000 -5.0000
-57.0000 -8.0000
-60.0000 -8.0000
-60.0000 -5.0000
END
