1 -54.0000 -11.0000
-51.0000 -11.0000
-51.0000 -14.0000
-54.0000 -14.0000
-54.0000 -11.0000
END
2 -54.0000 -14.0000
-51.0000 -14.0000
-51.0000 -17.0000
-54.0000 -17.0000
-54.0000 -14.0000
END
3 -54.0000 -17.0000
-51.0000 -17.0000
-51.0000 -20.0000
-54.0000 -20.0000
-54.0000 -17.0000
END
4 -54.0000 -29.0000
-51.0000 -29.0000
-51.0000 -32.0000
-54.0000 -32.0000
-54.0000 -29.0000
END
5 -51.0000 -29.0000
-48.0000 -29.0000
-48.0000 -32.0000
-51.0000 -32.0000
-51.0000 -29.0000
END
6 -48.0000 -2.0000
-45.0000 -2.0000
-45.0000 -5.0000
-48.0000 -5.0000
-48.0000 -2.0000
END
7 -36.0000 -2.0000
-33.0000 -2.0000
-33.0000 -5.0000
-36.0000 -5.0000
-36.0000 -2.0000
END
8 -36.0000 -5.0000
-33.0000 -5.0000
-33.0000 -8.0000
-36.0000 -8.0000
-36.0000 -5.0000
END
9 -51.0000 -8.0000
-48.0000 -8.0000
-48.0000 -11.0000
-51.0000 -11.0000
-51.0000 -8.0000
END
10 -36.0000 -8.0000
-33.0000 -8.0000
-33.0000 -11.0000
-36.0000 -11.0000
-36.0000 -8.0000
END
11 -51.0000 -11.0000
-48.0000 -11.0000
-48.0000 -14.0000
-51.0000 -14.0000
-51.0000 -11.0000
END
12 -51.0000 -14.0000
-48.0000 -14.0000
-48.0000 -17.0000
-51.0000 -17.0000
-51.0000 -14.0000
END
13 -51.0000 -17.0000
-48.0000 -17.0000
-48.0000 -20.0000
-51.0000 -20.0000
-51.0000 -17.0000
END
14 -54.0000 -20.0000
-51.0000 -20.0000
-51.0000 -23.0000
-54.0000 -23.0000
-54.0000 -20.0000
END
15 -54.0000 -23.0000
-51.0000 -23.0000
-51.0000 -26.0000
-54.0000 -26.0000
-54.0000 -23.0000
END
16 -54.0000 -26.0000
-51.0000 -26.0000
-51.0000 -29.0000
-54.0000 -29.0000
-54.0000 -26.0000
END
17 -48.0000 -26.0000
-45.0000 -26.0000
-45.0000 -29.0000
-48.0000 -29.0000
-48.0000 -26.0000
END
18 -48.0000 -5.0000
-45.0000 -5.0000
-45.0000 -8.0000
-48.0000 -8.0000
-48.0000 -5.0000
END
19 -39.0000 -17.0000
-36.0000 -17.0000
-36.0000 -20.0000
-39.0000 -20.0000
-39.0000 -17.0000
END
20 -51.0000 -20.0000
-48.0000 -20.0000
-48.0000 -23.0000
-51.0000 -23.0000
-51.0000 -20.0000
END
21 -51.0000 -23.0000
-48.0000 -23.0000
-48.0000 -26.0000
-51.0000 -26.0000
-51.0000 -23.0000
END
22 -51.0000 -26.0000
-48.0000 -26.0000
-48.0000 -29.0000
-51.0000 -29.0000
-51.0000 -26.0000
END
23 -45.0000 -2.0000
-42.0000 -2.0000
-42.0000 -5.0000
-45.0000 -5.0000
-45.0000 -2.0000
END
24 -42.0000 -2.0000
-39.0000 -2.0000
-39.0000 -5.0000
-42.0000 -5.0000
-42.0000 -2.0000
END
25 -39.0000 -2.0000
-36.0000 -2.0000
-36.0000 -5.0000
-39.0000 -5.0000
-39.0000 -2.0000
END
26 -45.0000 -5.0000
-42.0000 -5.0000
-42.0000 -8.0000
-45.0000 -8.0000
-45.0000 -5.0000
END
27 -42.0000 -5.0000
-39.0000 -5.0000
-39.0000 -8.0000
-42.0000 -8.0000
-42.0000 -5.0000
END
28 -39.0000 -5.0000
-36.0000 -5.0000
-36.0000 -8.0000
-39.0000 -8.0000
-39.0000 -5.0000
END
29 -48.0000 -8.0000
-45.0000 -8.0000
-45.0000 -11.0000
-48.0000 -11.0000
-48.0000 -8.0000
END
30 -45.0000 -8.0000
-42.0000 -8.0000
-42.0000 -11.0000
-45.0000 -11.0000
-45.0000 -8.0000
END
31 -42.0000 -8.0000
-39.0000 -8.0000
-39.0000 -11.0000
-42.0000 -11.0000
-42.0000 -8.0000
END
32 -39.0000 -8.0000
-36.0000 -8.0000
-36.0000 -11.0000
-39.0000 -11.0000
-39.0000 -8.0000
END
33 -48.0000 -11.0000
-45.0000 -11.0000
-45.0000 -14.0000
-48.0000 -14.0000
-48.0000 -11.0000
END
34 -48.0000 -14.0000
-45.0000 -14.0000
-45.0000 -17.0000
-48.0000 -17.0000
-48.0000 -14.0000
END
35 -45.0000 -11.0000
-42.0000 -11.0000
-42.0000 -14.0000
-45.0000 -14.0000
-45.0000 -11.0000
END
36 -42.0000 -11.0000
-39.0000 -11.0000
-39.0000 -14.0000
-42.0000 -14.0000
-42.0000 -11.0000
END
37 -39.0000 -11.0000
-36.0000 -11.0000
-36.0000 -14.0000
-39.0000 -14.0000
-39.0000 -11.0000
END
38 -39.0000 -14.0000
-36.0000 -14.0000
-36.0000 -17.0000
-39.0000 -17.0000
-39.0000 -14.0000
END
39 -45.0000 -14.0000
-42.0000 -14.0000
-42.0000 -17.0000
-45.0000 -17.0000
-45.0000 -14.0000
END
40 -42.0000 -14.0000
-39.0000 -14.0000
-39.0000 -17.0000
-42.0000 -17.0000
-42.0000 -14.0000
END
41 -48.0000 -17.0000
-45.0000 -17.0000
-45.0000 -20.0000
-48.0000 -20.0000
-48.0000 -17.0000
END
42 -45.0000 -17.0000
-42.0000 -17.0000
-42.0000 -20.0000
-45.0000 -20.0000
-45.0000 -17.0000
END
43 -42.0000 -17.0000
-39.0000 -17.0000
-39.0000 -20.0000
-42.0000 -20.0000
-42.0000 -17.0000
END
44 -48.0000 -20.0000
-45.0000 -20.0000
-45.0000 -23.0000
-48.0000 -23.0000
-48.0000 -20.0000
END
45 -45.0000 -20.0000
-42.0000 -20.0000
-42.0000 -23.0000
-45.0000 -23.0000
-45.0000 -20.0000
END
46 -42.0000 -20.0000
-39.0000 -20.0000
-39.0000 -23.0000
-42.0000 -23.0000
-42.0000 -20.0000
END
47 -48.0000 -23.0000
-45.0000 -23.0000
-45.0000 -26.0000
-48.0000 -26.0000
-48.0000 -23.0000
END
48 -45.0000 -23.0000
-42.0000 -23.0000
-42.0000 -26.0000
-45.0000 -26.0000
-45.0000 -23.0000
END
49 -42.0000 -23.0000
-39.0000 -23.0000
-39.0000 -26.0000
-42.0000 -26.0000
-42.0000 -23.0000
END
