1 -66.0000 13.0000
-63.0000 13.0000
-63.0000 10.0000
-66.0000 10.0000
-66.0000 13.0000
END
2 -63.0000 13.0000
-60.0000 13.0000
-60.0000 10.0000
-63.0000 10.0000
-63.0000 13.0000
END
3 -81.0000 7.0000
-78.0000 7.0000
-78.0000 4.0000
-81.0000 4.0000
-81.0000 7.0000
END
4 -48.0000 1.0000
-45.0000 1.0000
-45.0000 -2.0000
-48.0000 -2.0000
-48.0000 1.0000
END
5 -48.0000 -2.0000
-45.0000 -2.0000
-45.0000 -5.0000
-48.0000 -5.0000
-48.0000 -2.0000
END
6 -72.0000 10.0000
-69.0000 10.0000
-69.0000 7.0000
-72.0000 7.0000
-72.0000 10.0000
END
7 -69.0000 10.0000
-66.0000 10.0000
-66.0000 7.0000
-69.0000 7.0000
-69.0000 10.0000
END
8 -66.0000 10.0000
-63.0000 10.0000
-63.0000 7.0000
-66.0000 7.0000
-66.0000 10.0000
END
9 -63.0000 10.0000
-60.0000 10.0000
-60.0000 7.0000
-63.0000 7.0000
-63.0000 10.0000
END
10 -60.0000 10.0000
-57.0000 10.0000
-57.0000 7.0000
-60.0000 7.0000
-60.0000 10.0000
END
11 -75.0000 7.0000
-72.0000 7.0000
-72.0000 4.0000
-75.0000 4.0000
-75.0000 7.0000
END
12 -72.0000 7.0000
-69.0000 7.0000
-69.0000 4.0000
-72.0000 4.0000
-72.0000 7.0000
END
13 -69.0000 7.0000
-66.0000 7.0000
-66.0000 4.0000
-69.0000 4.0000
-69.0000 7.0000
END
14 -66.0000 7.0000
-63.0000 7.0000
-63.0000 4.0000
-66.0000 4.0000
-66.0000 7.0000
END
15 -63.0000 7.0000
-60.0000 7.0000
-60.0000 4.0000
-63.0000 4.0000
-63.0000 7.0000
END
16 -60.0000 7.0000
-57.0000 7.0000
-57.0000 4.0000
-60.0000 4.0000
-60.0000 7.0000
END
17 -57.0000 7.0000
-54.0000 7.0000
-54.0000 4.0000
-57.0000 4.0000
-57.0000 7.0000
END
18 -54.0000 7.0000
-51.0000 7.0000
-51.0000 4.0000
-54.0000 4.0000
-54.0000 7.0000
END
19 -78.0000 4.0000
-75.0000 4.0000
-75.0000 1.0000
-78.0000 1.0000
-78.0000 4.0000
END
20 -75.0000 4.0000
-72.0000 4.0000
-72.0000 1.0000
-75.0000 1.0000
-75.0000 4.0000
END
21 -72.0000 4.0000
-69.0000 4.0000
-69.0000 1.0000
-72.0000 1.0000
-72.0000 4.0000
END
22 -69.0000 4.0000
-66.0000 4.0000
-66.0000 1.0000
-69.0000 1.0000
-69.0000 4.0000
END
23 -66.0000 4.0000
-63.0000 4.0000
-63.0000 1.0000
-66.0000 1.0000
-66.0000 4.0000
END
24 -63.0000 4.0000
-60.0000 4.0000
-60.0000 1.0000
-63.0000 1.0000
-63.0000 4.0000
END
25 -60.0000 4.0000
-57.0000 4.0000
-57.0000 1.0000
-60.0000 1.0000
-60.0000 4.0000
END
26 -57.0000 4.0000
-54.0000 4.0000
-54.0000 1.0000
-57.0000 1.0000
-57.0000 4.0000
END
27 -54.0000 4.0000
-51.0000 4.0000
-51.0000 1.0000
-54.0000 1.0000
-54.0000 4.0000
END
28 -51.0000 4.0000
-48.0000 4.0000
-48.0000 1.0000
-51.0000 1.0000
-51.0000 4.0000
END
29 -78.0000 1.0000
-75.0000 1.0000
-75.0000 -2.0000
-78.0000 -2.0000
-78.0000 1.0000
END
30 -75.0000 1.0000
-72.0000 1.0000
-72.0000 -2.0000
-75.0000 -2.0000
-75.0000 1.0000
END
31 -72.0000 1.0000
-69.0000 1.0000
-69.0000 -2.0000
-72.0000 -2.0000
-72.0000 1.0000
END
32 -69.0000 1.0000
-66.0000 1.0000
-66.0000 -2.0000
-69.0000 -2.0000
-69.0000 1.0000
END
33 -66.0000 1.0000
-63.0000 1.0000
-63.0000 -2.0000
-66.0000 -2.0000
-66.0000 1.0000
END
34 -63.0000 1.0000
-60.0000 1.0000
-60.0000 -2.0000
-63.0000 -2.0000
-63.0000 1.0000
END
35 -60.0000 1.0000
-57.0000 1.0000
-57.0000 -2.0000
-60.0000 -2.0000
-60.0000 1.0000
END
36 -57.0000 1.0000
-54.0000 1.0000
-54.0000 -2.0000
-57.0000 -2.0000
-57.0000 1.0000
END
37 -54.0000 1.0000
-51.0000 1.0000
-51.0000 -2.0000
-54.0000 -2.0000
-54.0000 1.0000
END
38 -51.0000 1.0000
-48.0000 1.0000
-48.0000 -2.0000
-51.0000 -2.0000
-51.0000 1.0000
END
39 -81.0000 -2.0000
-78.0000 -2.0000
-78.0000 -5.0000
-81.0000 -5.0000
-81.0000 -2.0000
END
40 -78.0000 -2.0000
-75.0000 -2.0000
-75.0000 -5.0000
-78.0000 -5.0000
-78.0000 -2.0000
END
41 -75.0000 -2.0000
-72.0000 -2.0000
-72.0000 -5.0000
-75.0000 -5.0000
-75.0000 -2.0000
END
42 -72.0000 -2.0000
-69.0000 -2.0000
-69.0000 -5.0000
-72.0000 -5.0000
-72.0000 -2.0000
END
43 -69.0000 -2.0000
-66.0000 -2.0000
-66.0000 -5.0000
-69.0000 -5.0000
-69.0000 -2.0000
END
44 -66.0000 -2.0000
-63.0000 -2.0000
-63.0000 -5.0000
-66.0000 -5.0000
-66.0000 -2.0000
END
45 -63.0000 -2.0000
-60.0000 -2.0000
-60.0000 -5.0000
-63.0000 -5.0000
-63.0000 -2.0000
END
46 -60.0000 -2.0000
-57.0000 -2.0000
-57.0000 -5.0000
-60.0000 -5.0000
-60.0000 -2.0000
END
47 -57.0000 -2.0000
-54.0000 -2.0000
-54.0000 -5.0000
-57.0000 -5.0000
-57.0000 -2.0000
END
48 -54.0000 -2.0000
-51.0000 -2.0000
-51.0000 -5.0000
-54.0000 -5.0000
-54.0000 -2.0000
END
49 -51.0000 -2.0000
-48.0000 -2.0000
-48.0000 -5.0000
-51.0000 -5.0000
-51.0000 -2.0000
END
50 -78.0000 -5.0000
-75.0000 -5.0000
-75.0000 -8.0000
-78.0000 -8.0000
-78.0000 -5.0000
END
51 -75.0000 -5.0000
-72.0000 -5.0000
-72.0000 -8.0000
-75.0000 -8.0000
-75.0000 -5.0000
END
52 -72.0000 -5.0000
-69.0000 -5.0000
-69.0000 -8.0000
-72.0000 -8.0000
-72.0000 -5.0000
END
53 -69.0000 -5.0000
-66.0000 -5.0000
-66.0000 -8.0000
-69.0000 -8.0000
-69.0000 -5.0000
END
54 -66.0000 -5.0000
-63.0000 -5.0000
-63.0000 -8.0000
-66.0000 -8.0000
-66.0000 -5.0000
END
55 -63.0000 -5.0000
-60.0000 -5.0000
-60.0000 -8.0000
-63.0000 -8.0000
-63.0000 -5.0000
END
56 -60.0000 -5.0000
-57.0000 -5.0000
-57.0000 -8.0000
-60.0000 -8.0000
-60.0000 -5.0000
END
57 -57.0000 -5.0000
-54.0000 -5.0000
-54.0000 -8.0000
-57.0000 -8.0000
-57.0000 -5.0000
END
58 -75.0000 -8.0000
-72.0000 -8.0000
-72.0000 -11.0000
-75.0000 -11.0000
-75.0000 -8.0000
END
59 -72.0000 -8.0000
-69.0000 -8.0000
-69.0000 -11.0000
-72.0000 -11.0000
-72.0000 -8.0000
END
